8105
2
50
768
0.016298	0.018938	0.021592	0.024253	0.011960	0.011784	0.028649	0.005345	0.022385	0.008915	0.029011	0.013829	0.001685	0.020218	0.004179	0.024431	0.009205	0.050897	0.033710	0.012596	0.012940	0.046678	0.007069	0.038737	0.001519	0.014641	0.011210	0.035372	0.005742	0.019746	0.029952	0.023026	0.000413	0.015936	0.002347	0.020181	0.010640	0.077397	0.011736	0.010496	0.025023	0.039892	0.004190	0.024623	0.080301	0.007516	0.005594	0.007454	0.028495	0.011254	
63.000000
767.000000
0.006200
46.000000
256.000000
0.753000
9.000000
-1.000000
1.000000
290.000000
0.001800
44.000000
311.000000
0.000950
27.000000
575.000000
0.005600
20.000000
-1.000000
0.000000
556.000000
0.004100
25.000000
-1.000000
0.000000
-1.000000
1.000000
383.000000
0.004150
42.000000
575.000000
0.006350
35.000000
-1.000000
1.000000
320.000000
0.108800
40.000000
-1.000000
0.000000
-1.000000
1.000000
-1.000000
0.000000
-1.000000
1.000000
318.000000
0.002850
51.000000
-1.000000
0.000000
290.000000
0.001450
56.000000
-1.000000
0.000000
145.000000
0.002100
61.000000
-1.000000
1.000000
-1.000000
0.000000
78.000000
256.000000
0.979350
31.000000
314.000000
0.000850
24.000000
288.000000
0.007350
22.000000
395.000000
0.002100
20.000000
7.000000
0.006650
18.000000
-1.000000
1.000000
-1.000000
0.000000
-1.000000
0.000000
-1.000000
1.000000
487.000000
0.000450
29.000000
-1.000000
1.000000
-1.000000
0.000000
57.000000
0.009850
66.000000
256.000000
0.998450
39.000000
-1.000000
0.000000
254.000000
0.002450
64.000000
300.000000
0.020850
57.000000
368.000000
0.002350
55.000000
578.000000
0.033350
53.000000
-1.000000
0.000000
-1.000000
1.000000
-1.000000
0.000000
93.000000
0.025000
62.000000
-1.000000
1.000000
-1.000000
0.000000
-1.000000
0.000000
325.000000
0.006850
76.000000
544.000000
0.026300
74.000000
-1.000000
0.000000
-1.000000
1.000000
-1.000000
1.000000
98.000000
250.000000
0.000350
86.000000
255.000000
0.003950
69.000000
0.000000
0.996000
32.000000
46.000000
0.001400
20.000000
573.000000
0.006100
18.000000
-1.000000
1.000000
-1.000000
0.000000
327.000000
0.001450
30.000000
221.000000
0.011350
28.000000
-1.000000
1.000000
-1.000000
0.000000
-1.000000
1.000000
354.000000
0.007800
67.000000
42.000000
0.002900
45.000000
126.000000
0.010750
43.000000
-1.000000
0.000000
-1.000000
1.000000
46.000000
0.008350
55.000000
73.000000
0.015650
53.000000
-1.000000
1.000000
-1.000000
0.000000
42.000000
0.032400
65.000000
80.000000
0.010850
63.000000
-1.000000
0.000000
-1.000000
1.000000
-1.000000
1.000000
-1.000000
0.000000
766.000000
0.002200
84.000000
637.000000
0.001550
82.000000
534.000000
0.002450
80.000000
-1.000000
0.000000
-1.000000
1.000000
-1.000000
0.000000
-1.000000
0.000000
304.000000
0.001300
91.000000
-1.000000
0.000000
319.000000
0.004050
96.000000
-1.000000
0.000000
-1.000000
1.000000
98.000000
759.000000
0.000500
96.000000
0.000000
0.974400
24.000000
73.000000
0.001800
17.000000
647.000000
0.034100
15.000000
-1.000000
1.000000
-1.000000
0.000000
682.000000
0.003350
22.000000
-1.000000
1.000000
-1.000000
0.000000
312.000000
0.007350
69.000000
64.000000
0.008900
57.000000
328.000000
0.002650
45.000000
59.000000
0.007850
38.000000
-1.000000
0.000000
324.000000
0.029400
43.000000
-1.000000
0.000000
-1.000000
1.000000
105.000000
0.001450
50.000000
-1.000000
0.000000
35.000000
0.006950
55.000000
-1.000000
1.000000
-1.000000
0.000000
337.000000
0.002500
67.000000
648.000000
0.005750
65.000000
-1.000000
1.000000
-1.000000
0.000000
-1.000000
0.000000
57.000000
0.002750
84.000000
311.000000
0.016650
77.000000
-1.000000
0.000000
571.000000
0.041650
82.000000
-1.000000
1.000000
-1.000000
0.000000
48.000000
0.002750
94.000000
59.000000
0.012650
92.000000
-1.000000
0.000000
-1.000000
1.000000
-1.000000
1.000000
-1.000000
0.000000
93.000000
767.000000
0.006200
81.000000
357.000000
0.002400
64.000000
330.000000
0.004850
42.000000
84.000000
0.007750
30.000000
542.000000
0.002450
23.000000
666.000000
0.006350
21.000000
-1.000000
1.000000
-1.000000
0.000000
542.000000
0.047750
28.000000
-1.000000
1.000000
-1.000000
0.000000
294.000000
0.005700
40.000000
256.000000
0.976400
38.000000
-1.000000
1.000000
-1.000000
0.000000
-1.000000
1.000000
0.000000
0.735300
47.000000
-1.000000
1.000000
75.000000
0.003900
62.000000
539.000000
0.008200
60.000000
354.000000
0.001800
58.000000
-1.000000
0.000000
-1.000000
1.000000
-1.000000
1.000000
-1.000000
0.000000
256.000000
0.990350
79.000000
513.000000
0.003600
77.000000
334.000000
0.006550
75.000000
-1.000000
1.000000
-1.000000
0.000000
-1.000000
1.000000
-1.000000
0.000000
290.000000
0.000500
86.000000
-1.000000
0.000000
514.000000
0.000500
91.000000
-1.000000
1.000000
-1.000000
0.000000
133.000000
301.000000
0.000950
96.000000
255.000000
0.004250
54.000000
53.000000
0.000900
42.000000
337.000000
0.004350
30.000000
112.000000
0.010200
23.000000
368.000000
0.015650
21.000000
-1.000000
1.000000
-1.000000
0.000000
81.000000
0.006650
28.000000
-1.000000
1.000000
-1.000000
0.000000
81.000000
0.005700
35.000000
-1.000000
0.000000
86.000000
0.005700
40.000000
-1.000000
0.000000
-1.000000
1.000000
296.000000
0.001350
52.000000
616.000000
0.004550
50.000000
-1.000000
1.000000
-1.000000
0.000000
-1.000000
1.000000
0.000000
0.993700
79.000000
518.000000
0.007350
67.000000
535.000000
0.005450
65.000000
-1.000000
0.000000
-1.000000
1.000000
556.000000
0.002100
72.000000
-1.000000
1.000000
695.000000
0.004150
77.000000
-1.000000
1.000000
-1.000000
0.000000
401.000000
0.001050
94.000000
519.000000
0.006850
87.000000
-1.000000
0.000000
674.000000
0.005700
92.000000
-1.000000
1.000000
-1.000000
0.000000
-1.000000
0.000000
54.000000
0.000950
121.000000
339.000000
0.001300
109.000000
562.000000
0.027800
107.000000
-1.000000
1.000000
-1.000000
0.000000
87.000000
0.003000
119.000000
437.000000
0.001300
117.000000
-1.000000
1.000000
-1.000000
0.000000
-1.000000
1.000000
256.000000
0.812550
126.000000
-1.000000
1.000000
169.000000
0.000950
131.000000
-1.000000
0.000000
-1.000000
1.000000
113.000000
286.000000
0.000450
86.000000
508.000000
0.002750
74.000000
290.000000
0.001450
72.000000
325.000000
0.003000
40.000000
338.000000
0.003600
28.000000
255.000000
0.011250
26.000000
546.000000
0.006650
24.000000
-1.000000
1.000000
-1.000000
0.000000
-1.000000
0.000000
588.000000
0.003600
38.000000
338.000000
0.055700
36.000000
-1.000000
0.000000
-1.000000
1.000000
-1.000000
0.000000
353.000000
0.003950
65.000000
616.000000
0.003900
63.000000
318.000000
0.004100
61.000000
128.000000
0.007350
59.000000
50.000000
0.003000
57.000000
-1.000000
0.000000
-1.000000
1.000000
-1.000000
0.000000
-1.000000
1.000000
-1.000000
0.000000
513.000000
0.013700
70.000000
-1.000000
0.000000
-1.000000
1.000000
-1.000000
1.000000
508.000000
0.011950
84.000000
571.000000
0.005500
82.000000
-1.000000
0.000000
-1.000000
1.000000
-1.000000
0.000000
296.000000
0.001000
96.000000
145.000000
0.002200
94.000000
-1.000000
1.000000
-1.000000
0.000000
87.000000
0.000500
101.000000
-1.000000
1.000000
309.000000
0.004100
111.000000
512.000000
0.960800
109.000000
-1.000000
1.000000
-1.000000
0.000000
-1.000000
1.000000
113.000000
180.000000
0.001450
101.000000
290.000000
0.001350
84.000000
256.000000
0.960000
27.000000
288.000000
0.000950
25.000000
533.000000
0.001800
23.000000
612.000000
0.022750
21.000000
-1.000000
1.000000
-1.000000
0.000000
-1.000000
1.000000
-1.000000
1.000000
341.000000
0.000350
47.000000
303.000000
0.005700
35.000000
-1.000000
0.000000
303.000000
0.050550
40.000000
-1.000000
0.000000
541.000000
0.027800
45.000000
-1.000000
1.000000
-1.000000
0.000000
763.000000
0.001050
82.000000
591.000000
0.004100
60.000000
535.000000
0.020550
58.000000
-1.000000
0.000000
-1.000000
1.000000
324.000000
0.021450
75.000000
81.000000
0.008550
73.000000
319.000000
0.004100
71.000000
-1.000000
0.000000
-1.000000
1.000000
-1.000000
0.000000
333.000000
0.012500
80.000000
-1.000000
1.000000
-1.000000
0.000000
-1.000000
0.000000
518.000000
0.001050
89.000000
-1.000000
1.000000
521.000000
0.003050
99.000000
416.000000
0.002100
97.000000
-1.000000
1.000000
-1.000000
0.000000
-1.000000
1.000000
423.000000
0.003350
111.000000
304.000000
0.001450
109.000000
-1.000000
0.000000
-1.000000
1.000000
-1.000000
0.000000
103.000000
375.000000
0.000500
86.000000
0.000000
0.980150
34.000000
312.000000
0.001050
17.000000
393.000000
0.002100
15.000000
-1.000000
1.000000
-1.000000
0.000000
320.000000
0.002050
32.000000
289.000000
0.005950
30.000000
227.000000
0.002150
28.000000
-1.000000
1.000000
-1.000000
0.000000
-1.000000
1.000000
-1.000000
1.000000
300.000000
0.004050
64.000000
767.000000
0.006200
62.000000
42.000000
0.049050
55.000000
584.000000
0.006650
48.000000
-1.000000
0.000000
343.000000
0.027300
53.000000
-1.000000
0.000000
-1.000000
1.000000
343.000000
0.013900
60.000000
-1.000000
1.000000
-1.000000
0.000000
-1.000000
0.000000
603.000000
0.004250
79.000000
540.000000
0.025000
72.000000
-1.000000
1.000000
69.000000
0.033350
77.000000
-1.000000
0.000000
-1.000000
1.000000
647.000000
0.009700
84.000000
-1.000000
0.000000
-1.000000
1.000000
513.000000
0.004800
96.000000
284.000000
0.002400
94.000000
-1.000000
0.000000
-1.000000
1.000000
668.000000
0.002750
101.000000
-1.000000
1.000000
-1.000000
0.000000
163.000000
629.000000
0.001550
136.000000
52.000000
0.000850
74.000000
342.000000
0.001800
57.000000
366.000000
0.002200
50.000000
576.000000
0.002950
43.000000
295.000000
0.006500
41.000000
47.000000
0.018000
34.000000
303.000000
0.003600
32.000000
384.000000
0.007000
30.000000
-1.000000
1.000000
-1.000000
0.000000
-1.000000
1.000000
45.000000
0.010200
39.000000
-1.000000
0.000000
-1.000000
1.000000
-1.000000
1.000000
575.000000
0.002950
48.000000
-1.000000
1.000000
-1.000000
0.000000
285.000000
0.003000
55.000000
-1.000000
0.000000
-1.000000
1.000000
256.000000
0.976300
62.000000
-1.000000
1.000000
570.000000
0.006850
67.000000
-1.000000
0.000000
340.000000
0.011100
72.000000
-1.000000
1.000000
-1.000000
0.000000
109.000000
0.000450
119.000000
670.000000
0.001700
117.000000
256.000000
0.989500
110.000000
293.000000
0.001400
108.000000
289.000000
0.013400
106.000000
287.000000
0.005500
104.000000
239.000000
0.002100
102.000000
351.000000
0.005500
100.000000
-1.000000
1.000000
-1.000000
0.000000
-1.000000
0.000000
-1.000000
1.000000
-1.000000
1.000000
-1.000000
1.000000
76.000000
0.031700
115.000000
-1.000000
0.000000
-1.000000
1.000000
-1.000000
0.000000
52.000000
0.006600
129.000000
298.000000
0.002300
127.000000
-1.000000
0.000000
-1.000000
1.000000
502.000000
0.001300
134.000000
-1.000000
1.000000
-1.000000
0.000000
54.000000
0.001250
161.000000
308.000000
0.001350
159.000000
356.000000
0.002300
157.000000
331.000000
0.004450
155.000000
593.000000
0.016650
153.000000
-1.000000
0.000000
-1.000000
1.000000
-1.000000
0.000000
-1.000000
0.000000
-1.000000
1.000000
-1.000000
0.000000
133.000000
84.000000
0.000700
91.000000
284.000000
0.001450
74.000000
290.000000
0.000500
62.000000
255.000000
0.004250
45.000000
46.000000
0.001800
28.000000
357.000000
0.006800
21.000000
-1.000000
1.000000
292.000000
0.005600
26.000000
-1.000000
0.000000
-1.000000
1.000000
101.000000
0.004350
43.000000
50.000000
0.005350
41.000000
60.000000
0.008950
39.000000
-1.000000
0.000000
-1.000000
1.000000
-1.000000
1.000000
-1.000000
0.000000
432.000000
0.001550
60.000000
767.000000
0.018700
58.000000
42.000000
0.004250
56.000000
-1.000000
1.000000
-1.000000
0.000000
-1.000000
0.000000
-1.000000
0.000000
299.000000
0.009100
72.000000
18.000000
0.000500
70.000000
-1.000000
1.000000
-1.000000
0.000000
-1.000000
1.000000
288.000000
0.002950
89.000000
665.000000
0.003950
82.000000
-1.000000
1.000000
367.000000
0.003950
87.000000
-1.000000
1.000000
-1.000000
0.000000
-1.000000
1.000000
562.000000
0.002350
126.000000
294.000000
0.001750
114.000000
292.000000
0.001350
112.000000
314.000000
0.000350
105.000000
-1.000000
0.000000
461.000000
0.000700
110.000000
-1.000000
1.000000
-1.000000
0.000000
-1.000000
1.000000
507.000000
0.006600
119.000000
-1.000000
1.000000
146.000000
0.002750
124.000000
-1.000000
0.000000
-1.000000
1.000000
513.000000
0.002750
131.000000
-1.000000
0.000000
-1.000000
1.000000
148.000000
62.000000
0.007400
121.000000
0.000000
0.989000
79.000000
294.000000
0.001750
42.000000
0.000000
0.973350
30.000000
514.000000
0.003350
18.000000
-1.000000
1.000000
326.000000
0.003600
28.000000
612.000000
0.003350
26.000000
-1.000000
1.000000
-1.000000
0.000000
-1.000000
1.000000
641.000000
0.002950
40.000000
436.000000
0.007850
38.000000
-1.000000
1.000000
-1.000000
0.000000
-1.000000
0.000000
56.000000
0.005350
62.000000
84.000000
0.001750
50.000000
-1.000000
1.000000
84.000000
0.009750
60.000000
188.000000
0.000850
58.000000
-1.000000
1.000000
-1.000000
0.000000
-1.000000
1.000000
303.000000
0.003600
77.000000
58.000000
0.001800
75.000000
515.000000
0.003950
73.000000
-1.000000
1.000000
-1.000000
0.000000
-1.000000
1.000000
-1.000000
1.000000
398.000000
0.002900
119.000000
86.000000
0.005900
107.000000
341.000000
0.000350
100.000000
764.000000
0.002950
98.000000
550.000000
0.003900
96.000000
-1.000000
0.000000
-1.000000
1.000000
-1.000000
0.000000
19.000000
0.001450
105.000000
-1.000000
0.000000
-1.000000
1.000000
300.000000
0.004050
117.000000
591.000000
0.028400
115.000000
-1.000000
0.000000
-1.000000
1.000000
-1.000000
1.000000
-1.000000
0.000000
256.000000
0.975650
126.000000
-1.000000
1.000000
48.000000
0.003000
146.000000
49.000000
0.002050
144.000000
305.000000
0.006250
137.000000
-1.000000
1.000000
62.000000
0.056000
142.000000
-1.000000
0.000000
-1.000000
1.000000
-1.000000
0.000000
-1.000000
0.000000
148.000000
291.000000
0.000950
111.000000
333.000000
0.000500
44.000000
256.000000
0.809900
12.000000
-1.000000
1.000000
509.000000
0.002850
42.000000
630.000000
0.001550
40.000000
58.000000
0.004150
33.000000
56.000000
0.004350
31.000000
111.000000
0.006100
29.000000
-1.000000
1.000000
-1.000000
0.000000
-1.000000
0.000000
413.000000
0.003900
38.000000
-1.000000
1.000000
-1.000000
0.000000
-1.000000
0.000000
-1.000000
0.000000
256.000000
0.974400
79.000000
333.000000
0.007050
62.000000
139.000000
0.001050
60.000000
506.000000
0.003350
58.000000
-1.000000
1.000000
-1.000000
0.000000
-1.000000
1.000000
314.000000
0.003000
77.000000
527.000000
0.011350
70.000000
-1.000000
1.000000
571.000000
0.026850
75.000000
-1.000000
1.000000
-1.000000
0.000000
-1.000000
1.000000
70.000000
0.000350
94.000000
255.000000
0.007800
92.000000
50.000000
0.029400
90.000000
-1.000000
0.000000
-1.000000
1.000000
-1.000000
0.000000
299.000000
0.002050
99.000000
-1.000000
0.000000
533.000000
0.005750
109.000000
608.000000
0.003250
107.000000
-1.000000
0.000000
-1.000000
1.000000
-1.000000
0.000000
72.000000
0.001700
131.000000
393.000000
0.002100
119.000000
-1.000000
1.000000
512.000000
0.960800
124.000000
-1.000000
1.000000
481.000000
0.002100
129.000000
-1.000000
1.000000
-1.000000
0.000000
72.000000
0.007900
146.000000
162.000000
0.001700
139.000000
-1.000000
1.000000
359.000000
0.001850
144.000000
-1.000000
0.000000
-1.000000
1.000000
-1.000000
1.000000
123.000000
255.000000
0.003950
76.000000
77.000000
0.001050
59.000000
604.000000
0.004000
52.000000
64.000000
0.002050
40.000000
327.000000
0.007600
28.000000
40.000000
0.039800
21.000000
-1.000000
1.000000
40.000000
0.060050
26.000000
-1.000000
0.000000
-1.000000
1.000000
62.000000
0.014550
38.000000
334.000000
0.016100
36.000000
-1.000000
1.000000
-1.000000
0.000000
-1.000000
0.000000
294.000000
0.002600
50.000000
345.000000
0.004350
48.000000
-1.000000
1.000000
-1.000000
0.000000
-1.000000
1.000000
324.000000
0.016650
57.000000
-1.000000
0.000000
-1.000000
1.000000
290.000000
0.001350
74.000000
303.000000
0.002400
72.000000
343.000000
0.007800
70.000000
-1.000000
1.000000
-1.000000
0.000000
-1.000000
1.000000
-1.000000
1.000000
508.000000
0.008200
106.000000
407.000000
0.003350
99.000000
325.000000
0.003900
87.000000
-1.000000
0.000000
526.000000
0.009400
97.000000
55.000000
0.004250
95.000000
-1.000000
0.000000
-1.000000
1.000000
-1.000000
1.000000
302.000000
0.003950
104.000000
-1.000000
0.000000
-1.000000
1.000000
52.000000
0.010200
111.000000
-1.000000
0.000000
593.000000
0.005550
121.000000
596.000000
0.005450
119.000000
-1.000000
0.000000
-1.000000
1.000000
-1.000000
0.000000
173.000000
44.000000
0.003150
96.000000
611.000000
0.001550
84.000000
242.000000
0.001250
77.000000
291.000000
0.000950
65.000000
410.000000
0.002750
53.000000
311.000000
0.003600
31.000000
60.000000
0.002750
24.000000
-1.000000
0.000000
438.000000
0.003000
29.000000
-1.000000
1.000000
-1.000000
0.000000
395.000000
0.004200
46.000000
336.000000
0.040700
39.000000
-1.000000
1.000000
325.000000
0.020850
44.000000
-1.000000
0.000000
-1.000000
1.000000
649.000000
0.003600
51.000000
-1.000000
1.000000
-1.000000
0.000000
320.000000
0.002900
58.000000
-1.000000
0.000000
475.000000
0.002850
63.000000
-1.000000
1.000000
-1.000000
0.000000
642.000000
0.003800
70.000000
-1.000000
1.000000
69.000000
0.005150
75.000000
-1.000000
1.000000
-1.000000
0.000000
527.000000
0.002750
82.000000
-1.000000
0.000000
-1.000000
1.000000
342.000000
0.003150
94.000000
331.000000
0.071450
92.000000
-1.000000
0.000000
-1.000000
1.000000
-1.000000
0.000000
0.000000
0.979350
121.000000
47.000000
0.001700
114.000000
44.000000
0.014800
107.000000
-1.000000
1.000000
42.000000
0.016900
112.000000
-1.000000
0.000000
-1.000000
1.000000
499.000000
0.000450
119.000000
-1.000000
1.000000
-1.000000
0.000000
44.000000
0.011600
141.000000
346.000000
0.001050
139.000000
255.000000
0.027900
137.000000
357.000000
0.004150
135.000000
-1.000000
1.000000
-1.000000
0.000000
-1.000000
0.000000
-1.000000
0.000000
59.000000
0.005400
156.000000
333.000000
0.006100
154.000000
64.000000
0.053350
152.000000
-1.000000
0.000000
-1.000000
1.000000
-1.000000
0.000000
90.000000
0.004100
171.000000
648.000000
0.011300
169.000000
256.000000
0.996100
167.000000
-1.000000
0.000000
-1.000000
1.000000
-1.000000
0.000000
-1.000000
0.000000
208.000000
312.000000
0.001050
116.000000
44.000000
0.013500
89.000000
293.000000
0.001750
77.000000
294.000000
0.001800
60.000000
338.000000
0.009200
33.000000
248.000000
0.000350
31.000000
638.000000
0.001550
29.000000
256.000000
0.954550
27.000000
-1.000000
1.000000
-1.000000
0.000000
-1.000000
0.000000
-1.000000
0.000000
339.000000
0.004250
38.000000
-1.000000
0.000000
78.000000
0.007800
48.000000
308.000000
0.063050
46.000000
-1.000000
0.000000
-1.000000
1.000000
371.000000
0.007800
58.000000
66.000000
0.041650
56.000000
-1.000000
0.000000
-1.000000
1.000000
-1.000000
0.000000
671.000000
0.002050
75.000000
86.000000
0.001800
73.000000
767.000000
0.062700
71.000000
-1.000000
1.000000
-1.000000
0.000000
-1.000000
1.000000
-1.000000
0.000000
324.000000
0.001300
82.000000
-1.000000
1.000000
116.000000
0.000850
87.000000
-1.000000
1.000000
-1.000000
0.000000
568.000000
0.003900
114.000000
389.000000
0.002700
112.000000
45.000000
0.005700
100.000000
-1.000000
1.000000
45.000000
0.022100
110.000000
349.000000
0.010000
108.000000
-1.000000
1.000000
-1.000000
0.000000
-1.000000
1.000000
-1.000000
0.000000
-1.000000
0.000000
315.000000
0.001300
181.000000
52.000000
0.001450
149.000000
331.000000
0.006000
147.000000
312.000000
0.013250
135.000000
28.000000
0.010850
133.000000
-1.000000
0.000000
-1.000000
1.000000
310.000000
0.007800
145.000000
622.000000
0.016650
143.000000
-1.000000
0.000000
-1.000000
1.000000
-1.000000
1.000000
-1.000000
0.000000
26.000000
0.001450
174.000000
372.000000
0.002150
167.000000
346.000000
0.003350
160.000000
-1.000000
1.000000
508.000000
0.003350
165.000000
-1.000000
1.000000
-1.000000
0.000000
54.000000
0.002150
172.000000
-1.000000
1.000000
-1.000000
0.000000
480.000000
0.002350
179.000000
-1.000000
1.000000
-1.000000
0.000000
291.000000
0.001350
206.000000
44.000000
0.003100
199.000000
316.000000
0.011300
192.000000
-1.000000
1.000000
315.000000
0.009500
197.000000
-1.000000
1.000000
-1.000000
0.000000
511.000000
0.005300
204.000000
-1.000000
1.000000
-1.000000
0.000000
-1.000000
1.000000
138.000000
50.000000
0.000850
71.000000
622.000000
0.001250
64.000000
291.000000
0.001800
47.000000
765.000000
0.002650
45.000000
52.000000
0.002400
23.000000
0.000000
0.980200
21.000000
-1.000000
1.000000
-1.000000
0.000000
317.000000
0.002400
33.000000
612.000000
0.006400
31.000000
-1.000000
1.000000
-1.000000
0.000000
298.000000
0.002400
43.000000
311.000000
0.004200
41.000000
-1.000000
0.000000
-1.000000
1.000000
-1.000000
1.000000
-1.000000
0.000000
99.000000
0.003800
52.000000
-1.000000
1.000000
73.000000
0.003800
62.000000
44.000000
0.005700
60.000000
-1.000000
0.000000
-1.000000
1.000000
-1.000000
1.000000
81.000000
0.033350
69.000000
-1.000000
0.000000
-1.000000
1.000000
767.000000
0.006300
126.000000
331.000000
0.005300
104.000000
290.000000
0.001400
102.000000
56.000000
0.007850
90.000000
667.000000
0.003900
88.000000
-1.000000
1.000000
-1.000000
0.000000
118.000000
0.001800
100.000000
449.000000
0.008550
98.000000
-1.000000
1.000000
-1.000000
0.000000
-1.000000
1.000000
-1.000000
1.000000
656.000000
0.006250
124.000000
343.000000
0.003600
112.000000
-1.000000
1.000000
396.000000
0.004000
122.000000
589.000000
0.022750
120.000000
-1.000000
1.000000
-1.000000
0.000000
-1.000000
0.000000
-1.000000
0.000000
297.000000
0.000500
131.000000
-1.000000
0.000000
59.000000
0.000500
136.000000
-1.000000
1.000000
-1.000000
0.000000
198.000000
45.000000
0.000950
91.000000
332.000000
0.006600
79.000000
60.000000
0.001250
37.000000
366.000000
0.002200
35.000000
542.000000
0.002700
33.000000
0.000000
0.802900
21.000000
-1.000000
1.000000
255.000000
0.008400
31.000000
50.000000
0.021750
29.000000
-1.000000
0.000000
-1.000000
1.000000
-1.000000
0.000000
-1.000000
0.000000
-1.000000
0.000000
64.000000
0.001050
72.000000
315.000000
0.007500
60.000000
109.000000
0.003700
53.000000
277.000000
0.011900
51.000000
-1.000000
0.000000
-1.000000
1.000000
590.000000
0.006350
58.000000
-1.000000
1.000000
-1.000000
0.000000
55.000000
0.006250
65.000000
-1.000000
1.000000
637.000000
0.006250
70.000000
-1.000000
1.000000
-1.000000
0.000000
227.000000
0.002500
77.000000
-1.000000
1.000000
-1.000000
0.000000
313.000000
0.003800
89.000000
311.000000
0.003600
87.000000
-1.000000
0.000000
-1.000000
1.000000
-1.000000
1.000000
0.000000
0.982950
136.000000
49.000000
0.000950
119.000000
318.000000
0.005750
102.000000
-1.000000
1.000000
285.000000
0.003000
117.000000
179.000000
0.003350
115.000000
310.000000
0.001800
113.000000
-1.000000
0.000000
-1.000000
1.000000
-1.000000
0.000000
-1.000000
1.000000
256.000000
0.922300
124.000000
-1.000000
1.000000
112.000000
0.002100
134.000000
42.000000
0.016000
132.000000
-1.000000
0.000000
-1.000000
1.000000
-1.000000
0.000000
359.000000
0.000350
176.000000
37.000000
0.005450
164.000000
549.000000
0.010050
147.000000
-1.000000
0.000000
61.000000
0.005800
152.000000
-1.000000
1.000000
200.000000
0.006650
162.000000
589.000000
0.012500
160.000000
-1.000000
1.000000
-1.000000
0.000000
-1.000000
0.000000
572.000000
0.030400
174.000000
3.000000
0.002050
172.000000
-1.000000
1.000000
-1.000000
0.000000
-1.000000
0.000000
45.000000
0.008450
196.000000
43.000000
0.007450
194.000000
627.000000
0.003050
192.000000
146.000000
0.000500
190.000000
-1.000000
1.000000
-1.000000
0.000000
-1.000000
0.000000
-1.000000
1.000000
-1.000000
0.000000
173.000000
85.000000
0.005400
136.000000
296.000000
0.001000
109.000000
283.000000
0.001450
82.000000
301.000000
0.001550
65.000000
290.000000
0.001450
58.000000
524.000000
0.003000
46.000000
45.000000
0.001050
34.000000
510.000000
0.003700
32.000000
544.000000
0.020850
30.000000
-1.000000
0.000000
-1.000000
1.000000
-1.000000
0.000000
334.000000
0.001550
44.000000
279.000000
0.013900
42.000000
-1.000000
0.000000
-1.000000
1.000000
-1.000000
0.000000
524.000000
0.007850
51.000000
-1.000000
0.000000
398.000000
0.003950
56.000000
-1.000000
0.000000
-1.000000
1.000000
507.000000
0.020350
63.000000
-1.000000
1.000000
-1.000000
0.000000
41.000000
0.002950
75.000000
159.000000
0.001550
73.000000
-1.000000
1.000000
-1.000000
0.000000
341.000000
0.002950
80.000000
-1.000000
1.000000
-1.000000
0.000000
93.000000
0.002150
87.000000
-1.000000
1.000000
65.000000
0.005500
97.000000
588.000000
0.002150
95.000000
-1.000000
1.000000
-1.000000
0.000000
310.000000
0.010850
107.000000
509.000000
0.006650
105.000000
-1.000000
1.000000
-1.000000
0.000000
-1.000000
1.000000
41.000000
0.001050
129.000000
315.000000
0.008050
117.000000
-1.000000
1.000000
639.000000
0.008400
127.000000
339.000000
0.002100
125.000000
-1.000000
1.000000
-1.000000
0.000000
-1.000000
0.000000
478.000000
0.000500
134.000000
-1.000000
1.000000
-1.000000
0.000000
640.000000
0.004550
166.000000
256.000000
0.920950
144.000000
-1.000000
1.000000
304.000000
0.002300
159.000000
323.000000
0.058450
152.000000
-1.000000
0.000000
559.000000
0.012500
157.000000
-1.000000
1.000000
-1.000000
0.000000
330.000000
0.002300
164.000000
-1.000000
1.000000
-1.000000
0.000000
739.000000
0.005400
171.000000
-1.000000
0.000000
-1.000000
1.000000
193.000000
301.000000
0.000950
146.000000
338.000000
0.001050
84.000000
532.000000
0.001550
77.000000
95.000000
0.002750
55.000000
68.000000
0.001950
38.000000
285.000000
0.003900
36.000000
307.000000
0.006850
34.000000
40.000000
0.003000
32.000000
300.000000
0.040000
30.000000
-1.000000
0.000000
-1.000000
1.000000
-1.000000
0.000000
-1.000000
1.000000
-1.000000
1.000000
290.000000
0.003700
53.000000
72.000000
0.009650
46.000000
-1.000000
0.000000
252.000000
0.013350
51.000000
-1.000000
1.000000
-1.000000
0.000000
-1.000000
1.000000
308.000000
0.008150
75.000000
0.000000
0.996100
73.000000
516.000000
0.004250
71.000000
369.000000
0.003950
69.000000
-1.000000
1.000000
-1.000000
0.000000
-1.000000
1.000000
-1.000000
0.000000
-1.000000
1.000000
0.000000
0.988400
82.000000
-1.000000
1.000000
-1.000000
0.000000
442.000000
0.000350
139.000000
343.000000
0.005550
117.000000
314.000000
0.002750
105.000000
594.000000
0.010000
98.000000
-1.000000
0.000000
381.000000
0.020000
103.000000
-1.000000
1.000000
-1.000000
0.000000
516.000000
0.002050
115.000000
495.000000
0.005500
113.000000
-1.000000
1.000000
-1.000000
0.000000
-1.000000
1.000000
0.000000
0.995900
127.000000
218.000000
0.003600
125.000000
-1.000000
0.000000
-1.000000
1.000000
587.000000
0.010850
132.000000
-1.000000
0.000000
64.000000
0.010650
137.000000
-1.000000
1.000000
-1.000000
0.000000
316.000000
0.001450
144.000000
-1.000000
0.000000
-1.000000
1.000000
334.000000
0.000850
166.000000
385.000000
0.002450
154.000000
-1.000000
1.000000
424.000000
0.002950
164.000000
353.000000
0.004000
162.000000
-1.000000
1.000000
-1.000000
0.000000
-1.000000
0.000000
351.000000
0.002400
181.000000
326.000000
0.003550
174.000000
-1.000000
0.000000
763.000000
0.003900
179.000000
-1.000000
1.000000
-1.000000
0.000000
53.000000
0.000950
191.000000
485.000000
0.001550
189.000000
-1.000000
1.000000
-1.000000
0.000000
-1.000000
1.000000
198.000000
77.000000
0.006500
151.000000
297.000000
0.004950
119.000000
283.000000
0.000450
112.000000
514.000000
0.000500
75.000000
255.000000
0.007950
58.000000
314.000000
0.001350
46.000000
334.000000
0.004550
34.000000
357.000000
0.004000
32.000000
316.000000
0.010850
30.000000
-1.000000
1.000000
-1.000000
0.000000
-1.000000
0.000000
327.000000
0.006100
44.000000
587.000000
0.016650
42.000000
-1.000000
0.000000
-1.000000
1.000000
-1.000000
0.000000
313.000000
0.004050
56.000000
65.000000
0.005700
54.000000
-1.000000
0.000000
-1.000000
1.000000
-1.000000
1.000000
86.000000
0.005100
63.000000
-1.000000
0.000000
0.000000
0.998050
73.000000
530.000000
0.002750
71.000000
-1.000000
0.000000
-1.000000
1.000000
-1.000000
0.000000
47.000000
0.001800
85.000000
603.000000
0.001550
83.000000
-1.000000
1.000000
-1.000000
0.000000
317.000000
0.003700
95.000000
40.000000
0.001950
93.000000
-1.000000
1.000000
-1.000000
0.000000
446.000000
0.005400
110.000000
525.000000
0.004200
108.000000
386.000000
0.006100
106.000000
-1.000000
1.000000
-1.000000
0.000000
-1.000000
1.000000
-1.000000
0.000000
766.000000
0.000850
117.000000
-1.000000
1.000000
-1.000000
0.000000
509.000000
0.004150
139.000000
294.000000
0.003350
137.000000
305.000000
0.001450
135.000000
596.000000
0.010650
133.000000
-1.000000
1.000000
-1.000000
0.000000
-1.000000
1.000000
-1.000000
1.000000
59.000000
0.002100
149.000000
185.000000
0.002750
147.000000
-1.000000
0.000000
-1.000000
1.000000
-1.000000
0.000000
0.000000
0.996550
171.000000
255.000000
0.007800
159.000000
-1.000000
1.000000
576.000000
0.004100
169.000000
522.000000
0.014950
167.000000
-1.000000
0.000000
-1.000000
1.000000
-1.000000
0.000000
93.000000
0.005400
191.000000
354.000000
0.002750
189.000000
438.000000
0.003900
187.000000
523.000000
0.033350
185.000000
-1.000000
0.000000
-1.000000
1.000000
-1.000000
0.000000
-1.000000
0.000000
585.000000
0.012050
196.000000
-1.000000
1.000000
-1.000000
0.000000
198.000000
351.000000
0.001250
146.000000
255.000000
0.003950
94.000000
43.000000
0.001400
57.000000
45.000000
0.003000
40.000000
327.000000
0.009800
23.000000
357.000000
0.006400
21.000000
-1.000000
1.000000
-1.000000
0.000000
323.000000
0.006100
28.000000
-1.000000
0.000000
114.000000
0.012200
38.000000
92.000000
0.031500
36.000000
-1.000000
1.000000
-1.000000
0.000000
-1.000000
1.000000
295.000000
0.003900
55.000000
45.000000
0.037600
48.000000
-1.000000
1.000000
347.000000
0.012500
53.000000
-1.000000
1.000000
-1.000000
0.000000
-1.000000
1.000000
299.000000
0.002650
77.000000
45.000000
0.002700
70.000000
76.000000
0.015900
68.000000
-1.000000
0.000000
-1.000000
1.000000
611.000000
0.006650
75.000000
-1.000000
1.000000
-1.000000
0.000000
282.000000
0.002650
92.000000
77.000000
0.001050
90.000000
309.000000
0.008950
88.000000
-1.000000
0.000000
-1.000000
1.000000
-1.000000
1.000000
-1.000000
1.000000
295.000000
0.000500
129.000000
73.000000
0.005550
117.000000
41.000000
0.001700
115.000000
413.000000
0.003800
113.000000
160.000000
0.006850
111.000000
-1.000000
0.000000
-1.000000
1.000000
-1.000000
0.000000
-1.000000
0.000000
41.000000
0.007100
122.000000
-1.000000
0.000000
138.000000
0.002150
127.000000
-1.000000
1.000000
-1.000000
0.000000
561.000000
0.000500
134.000000
-1.000000
0.000000
246.000000
0.002950
144.000000
123.000000
0.000500
142.000000
-1.000000
1.000000
-1.000000
0.000000
-1.000000
1.000000
0.000000
0.991200
176.000000
341.000000
0.005000
169.000000
288.000000
0.000950
167.000000
396.000000
0.011350
160.000000
-1.000000
1.000000
125.000000
0.007450
165.000000
-1.000000
0.000000
-1.000000
1.000000
-1.000000
1.000000
513.000000
0.004400
174.000000
-1.000000
0.000000
-1.000000
1.000000
512.000000
0.991650
186.000000
15.000000
0.002900
184.000000
-1.000000
0.000000
-1.000000
1.000000
307.000000
0.003900
191.000000
-1.000000
0.000000
591.000000
0.022200
196.000000
-1.000000
1.000000
-1.000000
0.000000
163.000000
88.000000
0.005150
136.000000
490.000000
0.000850
134.000000
465.000000
0.001000
122.000000
57.000000
0.001800
80.000000
659.000000
0.004350
78.000000
45.000000
0.001700
51.000000
304.000000
0.001450
29.000000
43.000000
0.021050
27.000000
-1.000000
1.000000
-1.000000
0.000000
256.000000
0.663050
34.000000
-1.000000
1.000000
50.000000
0.033100
49.000000
48.000000
0.013650
47.000000
350.000000
0.004400
45.000000
-1.000000
0.000000
-1.000000
1.000000
-1.000000
0.000000
-1.000000
1.000000
596.000000
0.001700
76.000000
614.000000
0.001950
74.000000
54.000000
0.004250
62.000000
-1.000000
1.000000
289.000000
0.005700
72.000000
473.000000
0.005900
70.000000
-1.000000
1.000000
-1.000000
0.000000
-1.000000
1.000000
-1.000000
0.000000
-1.000000
0.000000
-1.000000
0.000000
307.000000
0.001700
115.000000
294.000000
0.002100
103.000000
129.000000
0.002200
101.000000
348.000000
0.005950
99.000000
229.000000
0.003000
97.000000
-1.000000
1.000000
-1.000000
0.000000
-1.000000
0.000000
-1.000000
0.000000
277.000000
0.001800
113.000000
342.000000
0.004150
111.000000
-1.000000
1.000000
-1.000000
0.000000
-1.000000
1.000000
672.000000
0.006250
120.000000
-1.000000
1.000000
-1.000000
0.000000
94.000000
0.002750
127.000000
-1.000000
0.000000
256.000000
0.989050
132.000000
-1.000000
1.000000
-1.000000
0.000000
-1.000000
0.000000
767.000000
0.006200
151.000000
195.000000
0.003000
144.000000
-1.000000
1.000000
605.000000
0.004450
149.000000
-1.000000
1.000000
-1.000000
0.000000
512.000000
0.997250
161.000000
374.000000
0.001450
159.000000
-1.000000
0.000000
-1.000000
1.000000
-1.000000
0.000000
198.000000
58.000000
0.001000
106.000000
324.000000
0.005600
69.000000
767.000000
0.018200
67.000000
392.000000
0.004200
60.000000
330.000000
0.002400
48.000000
313.000000
0.003000
36.000000
36.000000
0.005500
34.000000
295.000000
0.051600
27.000000
-1.000000
1.000000
291.000000
0.020000
32.000000
-1.000000
0.000000
-1.000000
1.000000
-1.000000
0.000000
295.000000
0.006500
46.000000
101.000000
0.003000
44.000000
-1.000000
0.000000
-1.000000
1.000000
-1.000000
1.000000
358.000000
0.013500
58.000000
614.000000
0.006100
56.000000
-1.000000
1.000000
-1.000000
0.000000
-1.000000
0.000000
372.000000
0.018800
65.000000
-1.000000
1.000000
-1.000000
0.000000
-1.000000
0.000000
50.000000
0.001550
79.000000
582.000000
0.016650
77.000000
-1.000000
0.000000
-1.000000
1.000000
315.000000
0.001550
94.000000
322.000000
0.009850
92.000000
533.000000
0.003950
90.000000
-1.000000
0.000000
-1.000000
1.000000
-1.000000
0.000000
310.000000
0.001700
104.000000
376.000000
0.003150
102.000000
-1.000000
1.000000
-1.000000
0.000000
-1.000000
1.000000
368.000000
0.000500
186.000000
60.000000
0.000900
169.000000
255.000000
0.032750
157.000000
523.000000
0.007750
150.000000
310.000000
0.001850
138.000000
70.000000
0.004200
126.000000
-1.000000
1.000000
347.000000
0.004200
136.000000
314.000000
0.008950
134.000000
-1.000000
0.000000
-1.000000
1.000000
-1.000000
0.000000
307.000000
0.008000
148.000000
597.000000
0.003900
146.000000
-1.000000
1.000000
-1.000000
0.000000
-1.000000
1.000000
321.000000
0.003900
155.000000
-1.000000
0.000000
-1.000000
1.000000
256.000000
0.991550
167.000000
256.000000
0.978650
165.000000
-1.000000
1.000000
-1.000000
0.000000
-1.000000
0.000000
440.000000
0.001300
184.000000
256.000000
0.972550
177.000000
-1.000000
1.000000
304.000000
0.002750
182.000000
-1.000000
0.000000
-1.000000
1.000000
-1.000000
0.000000
256.000000
0.994250
196.000000
54.000000
0.002050
194.000000
-1.000000
1.000000
-1.000000
0.000000
-1.000000
0.000000
163.000000
328.000000
0.000500
101.000000
0.000000
0.978000
44.000000
52.000000
0.004150
12.000000
-1.000000
1.000000
52.000000
0.009750
37.000000
47.000000
0.004250
30.000000
246.000000
0.002100
23.000000
-1.000000
1.000000
416.000000
0.002100
28.000000
-1.000000
1.000000
-1.000000
0.000000
698.000000
0.003350
35.000000
-1.000000
1.000000
-1.000000
0.000000
154.000000
0.003950
42.000000
-1.000000
1.000000
-1.000000
0.000000
562.000000
0.002750
84.000000
625.000000
0.001950
72.000000
512.000000
0.997100
55.000000
-1.000000
0.000000
252.000000
0.001700
70.000000
341.000000
0.003450
68.000000
303.000000
0.033350
66.000000
-1.000000
0.000000
-1.000000
1.000000
-1.000000
0.000000
-1.000000
0.000000
25.000000
0.005450
77.000000
-1.000000
0.000000
646.000000
0.006000
82.000000
-1.000000
1.000000
-1.000000
0.000000
658.000000
0.002750
99.000000
297.000000
0.026300
97.000000
331.000000
0.058800
95.000000
-1.000000
0.000000
-1.000000
1.000000
-1.000000
1.000000
-1.000000
1.000000
313.000000
0.000500
116.000000
256.000000
0.992950
114.000000
462.000000
0.002150
112.000000
-1.000000
1.000000
-1.000000
0.000000
-1.000000
0.000000
319.000000
0.000350
136.000000
44.000000
0.014950
134.000000
305.000000
0.001800
132.000000
520.000000
0.002950
130.000000
-1.000000
1.000000
-1.000000
0.000000
-1.000000
1.000000
-1.000000
0.000000
357.000000
0.000500
146.000000
256.000000
0.960800
144.000000
-1.000000
1.000000
-1.000000
0.000000
521.000000
0.000950
161.000000
48.000000
0.004000
154.000000
-1.000000
0.000000
559.000000
0.000500
159.000000
-1.000000
1.000000
-1.000000
0.000000
-1.000000
1.000000
158.000000
767.000000
0.047350
141.000000
45.000000
0.000950
84.000000
204.000000
0.003900
82.000000
344.000000
0.002050
55.000000
115.000000
0.002950
48.000000
295.000000
0.002750
41.000000
591.000000
0.006100
39.000000
336.000000
0.003700
27.000000
-1.000000
1.000000
111.000000
0.007600
37.000000
709.000000
0.006250
35.000000
-1.000000
1.000000
-1.000000
0.000000
-1.000000
1.000000
-1.000000
0.000000
541.000000
0.027800
46.000000
-1.000000
1.000000
-1.000000
0.000000
303.000000
0.002600
53.000000
-1.000000
0.000000
-1.000000
1.000000
332.000000
0.001050
70.000000
313.000000
0.002400
63.000000
-1.000000
0.000000
325.000000
0.007200
68.000000
-1.000000
0.000000
-1.000000
1.000000
334.000000
0.025700
75.000000
-1.000000
1.000000
552.000000
0.016650
80.000000
-1.000000
0.000000
-1.000000
1.000000
-1.000000
0.000000
283.000000
0.001800
124.000000
0.000000
0.998450
107.000000
453.000000
0.001550
95.000000
-1.000000
1.000000
698.000000
0.006900
105.000000
51.000000
0.004300
103.000000
-1.000000
0.000000
-1.000000
1.000000
-1.000000
0.000000
575.000000
0.005600
112.000000
-1.000000
0.000000
297.000000
0.006850
122.000000
632.000000
0.042350
120.000000
-1.000000
0.000000
-1.000000
1.000000
-1.000000
1.000000
305.000000
0.001800
139.000000
293.000000
0.002700
137.000000
325.000000
0.002100
135.000000
-1.000000
1.000000
-1.000000
0.000000
-1.000000
1.000000
-1.000000
1.000000
24.000000
0.000350
146.000000
-1.000000
0.000000
498.000000
0.003250
156.000000
742.000000
0.000350
154.000000
-1.000000
1.000000
-1.000000
0.000000
-1.000000
0.000000
138.000000
652.000000
0.000350
126.000000
207.000000
0.000450
114.000000
0.000000
0.944150
12.000000
-1.000000
1.000000
617.000000
0.001550
92.000000
54.000000
0.001250
65.000000
75.000000
0.001300
43.000000
69.000000
0.004350
31.000000
115.000000
0.005950
29.000000
-1.000000
1.000000
-1.000000
0.000000
537.000000
0.006850
41.000000
69.000000
0.049600
39.000000
-1.000000
0.000000
-1.000000
1.000000
-1.000000
1.000000
42.000000
0.002750
48.000000
-1.000000
0.000000
67.000000
0.023700
58.000000
503.000000
0.012350
56.000000
-1.000000
0.000000
-1.000000
1.000000
321.000000
0.015650
63.000000
-1.000000
1.000000
-1.000000
0.000000
68.000000
0.003450
80.000000
764.000000
0.002750
78.000000
299.000000
0.021750
76.000000
-1.000000
0.000000
-1.000000
1.000000
-1.000000
0.000000
328.000000
0.003900
85.000000
-1.000000
0.000000
158.000000
0.003900
90.000000
-1.000000
0.000000
-1.000000
1.000000
43.000000
0.001550
112.000000
165.000000
0.002350
110.000000
478.000000
0.002850
108.000000
53.000000
0.010000
106.000000
-1.000000
1.000000
-1.000000
0.000000
-1.000000
0.000000
-1.000000
0.000000
-1.000000
0.000000
58.000000
0.010750
119.000000
-1.000000
0.000000
165.000000
0.003900
124.000000
-1.000000
1.000000
-1.000000
0.000000
55.000000
0.005050
131.000000
-1.000000
0.000000
359.000000
0.003600
136.000000
-1.000000
1.000000
-1.000000
0.000000
163.000000
47.000000
0.001300
91.000000
255.000000
0.007800
59.000000
256.000000
0.989350
32.000000
93.000000
0.009000
15.000000
-1.000000
1.000000
93.000000
0.019600
20.000000
-1.000000
1.000000
78.000000
0.025250
30.000000
324.000000
0.010650
28.000000
-1.000000
1.000000
-1.000000
0.000000
-1.000000
1.000000
307.000000
0.005450
52.000000
357.000000
0.004550
50.000000
52.000000
0.012500
48.000000
333.000000
0.138400
46.000000
-1.000000
0.000000
-1.000000
1.000000
-1.000000
0.000000
-1.000000
0.000000
71.000000
0.005400
57.000000
-1.000000
0.000000
-1.000000
1.000000
43.000000
0.001250
74.000000
531.000000
0.006850
67.000000
-1.000000
0.000000
555.000000
0.006850
72.000000
-1.000000
0.000000
-1.000000
1.000000
0.000000
0.991200
84.000000
534.000000
0.002750
82.000000
-1.000000
0.000000
-1.000000
1.000000
520.000000
0.015500
89.000000
-1.000000
0.000000
-1.000000
1.000000
647.000000
0.000700
161.000000
44.000000
0.001450
129.000000
638.000000
0.003000
127.000000
99.000000
0.009950
120.000000
295.000000
0.040800
108.000000
-1.000000
1.000000
40.000000
0.039700
113.000000
-1.000000
1.000000
82.000000
0.027800
118.000000
-1.000000
1.000000
-1.000000
0.000000
248.000000
0.011650
125.000000
-1.000000
1.000000
-1.000000
0.000000
-1.000000
0.000000
310.000000
0.001700
149.000000
259.000000
0.002650
147.000000
58.000000
0.011850
145.000000
285.000000
0.021500
143.000000
-1.000000
0.000000
-1.000000
1.000000
-1.000000
1.000000
-1.000000
1.000000
302.000000
0.005950
159.000000
354.000000
0.006900
157.000000
-1.000000
1.000000
-1.000000
0.000000
-1.000000
1.000000
-1.000000
0.000000
173.000000
356.000000
0.000450
116.000000
84.000000
0.008150
89.000000
502.000000
0.002150
87.000000
654.000000
0.001550
70.000000
41.000000
0.002650
38.000000
47.000000
0.001700
26.000000
246.000000
0.002100
24.000000
-1.000000
1.000000
-1.000000
0.000000
290.000000
0.003350
36.000000
55.000000
0.031950
34.000000
-1.000000
0.000000
-1.000000
1.000000
-1.000000
1.000000
290.000000
0.004450
68.000000
102.000000
0.001950
56.000000
414.000000
0.005300
54.000000
133.000000
0.006250
52.000000
-1.000000
1.000000
-1.000000
0.000000
-1.000000
0.000000
101.000000
0.006800
66.000000
298.000000
0.006000
64.000000
-1.000000
0.000000
-1.000000
1.000000
-1.000000
1.000000
-1.000000
1.000000
41.000000
0.008100
85.000000
703.000000
0.007850
78.000000
-1.000000
0.000000
118.000000
0.008100
83.000000
-1.000000
0.000000
-1.000000
1.000000
-1.000000
0.000000
-1.000000
0.000000
52.000000
0.001400
109.000000
587.000000
0.005450
102.000000
627.000000
0.002050
100.000000
-1.000000
1.000000
-1.000000
0.000000
80.000000
0.010850
107.000000
-1.000000
0.000000
-1.000000
1.000000
256.000000
0.992550
114.000000
-1.000000
1.000000
-1.000000
0.000000
660.000000
0.000350
161.000000
256.000000
0.781250
124.000000
-1.000000
1.000000
42.000000
0.000950
149.000000
342.000000
0.001350
132.000000
-1.000000
0.000000
393.000000
0.002700
142.000000
131.000000
0.002750
140.000000
-1.000000
0.000000
-1.000000
1.000000
317.000000
0.002700
147.000000
-1.000000
0.000000
-1.000000
1.000000
153.000000
0.003950
159.000000
293.000000
0.001850
157.000000
-1.000000
0.000000
-1.000000
1.000000
-1.000000
0.000000
342.000000
0.000350
171.000000
533.000000
0.002750
169.000000
-1.000000
0.000000
-1.000000
1.000000
-1.000000
0.000000
133.000000
71.000000
0.000350
86.000000
603.000000
0.001250
74.000000
0.000000
0.997150
37.000000
58.000000
0.001850
20.000000
767.000000
0.043400
18.000000
-1.000000
1.000000
-1.000000
0.000000
285.000000
0.003900
35.000000
294.000000
0.002750
33.000000
613.000000
0.005000
31.000000
-1.000000
1.000000
-1.000000
0.000000
-1.000000
1.000000
-1.000000
1.000000
80.000000
0.001350
47.000000
575.000000
0.006850
45.000000
-1.000000
0.000000
-1.000000
1.000000
537.000000
0.006000
67.000000
622.000000
0.002700
65.000000
347.000000
0.008800
63.000000
105.000000
0.001350
61.000000
-1.000000
0.000000
-1.000000
1.000000
-1.000000
0.000000
-1.000000
0.000000
81.000000
0.039350
72.000000
-1.000000
0.000000
-1.000000
1.000000
546.000000
0.002750
79.000000
-1.000000
0.000000
167.000000
0.006100
84.000000
-1.000000
1.000000
-1.000000
0.000000
256.000000
0.981200
121.000000
102.000000
0.002100
109.000000
289.000000
0.003550
107.000000
80.000000
0.004950
105.000000
636.000000
0.010000
103.000000
-1.000000
1.000000
-1.000000
0.000000
-1.000000
1.000000
-1.000000
1.000000
302.000000
0.009000
119.000000
324.000000
0.009700
117.000000
-1.000000
0.000000
-1.000000
1.000000
-1.000000
1.000000
633.000000
0.008300
126.000000
-1.000000
0.000000
311.000000
0.005450
131.000000
-1.000000
0.000000
-1.000000
1.000000
158.000000
283.000000
0.001450
121.000000
767.000000
0.006200
84.000000
360.000000
0.003600
77.000000
556.000000
0.004200
60.000000
540.000000
0.007750
53.000000
294.000000
0.002600
51.000000
58.000000
0.003600
34.000000
52.000000
0.004000
32.000000
77.000000
0.012500
30.000000
-1.000000
1.000000
-1.000000
0.000000
-1.000000
0.000000
301.000000
0.003600
49.000000
325.000000
0.011700
47.000000
448.000000
0.003900
45.000000
-1.000000
1.000000
-1.000000
0.000000
-1.000000
0.000000
-1.000000
1.000000
-1.000000
1.000000
312.000000
0.014750
58.000000
-1.000000
1.000000
-1.000000
0.000000
295.000000
0.007450
70.000000
560.000000
0.035700
68.000000
-1.000000
0.000000
-1.000000
1.000000
80.000000
0.007450
75.000000
-1.000000
0.000000
-1.000000
1.000000
513.000000
0.006850
82.000000
-1.000000
0.000000
-1.000000
1.000000
766.000000
0.002050
104.000000
295.000000
0.001450
102.000000
649.000000
0.001550
100.000000
369.000000
0.001950
98.000000
-1.000000
1.000000
-1.000000
0.000000
-1.000000
0.000000
-1.000000
1.000000
506.000000
0.001000
119.000000
256.000000
0.992350
117.000000
385.000000
0.004300
115.000000
-1.000000
1.000000
-1.000000
0.000000
-1.000000
0.000000
-1.000000
0.000000
45.000000
0.007300
156.000000
51.000000
0.001400
144.000000
289.000000
0.005950
142.000000
115.000000
0.002750
140.000000
686.000000
0.002850
138.000000
-1.000000
1.000000
-1.000000
0.000000
-1.000000
0.000000
-1.000000
1.000000
288.000000
0.001050
154.000000
296.000000
0.004150
152.000000
-1.000000
0.000000
-1.000000
1.000000
-1.000000
1.000000
-1.000000
1.000000
183.000000
79.000000
0.000900
136.000000
511.000000
0.002750
104.000000
571.000000
0.000500
72.000000
50.000000
0.002350
50.000000
576.000000
0.002300
48.000000
433.000000
0.003950
46.000000
314.000000
0.003800
34.000000
0.000000
0.894950
27.000000
-1.000000
1.000000
64.000000
0.026300
32.000000
-1.000000
0.000000
-1.000000
1.000000
58.000000
0.003800
44.000000
613.000000
0.009350
42.000000
-1.000000
1.000000
-1.000000
0.000000
-1.000000
1.000000
-1.000000
0.000000
-1.000000
0.000000
581.000000
0.004150
65.000000
291.000000
0.002350
63.000000
366.000000
0.004050
61.000000
-1.000000
1.000000
-1.000000
0.000000
-1.000000
1.000000
82.000000
0.026200
70.000000
-1.000000
0.000000
-1.000000
1.000000
41.000000
0.001500
82.000000
47.000000
0.043350
80.000000
-1.000000
0.000000
-1.000000
1.000000
322.000000
0.000500
92.000000
353.000000
0.007950
90.000000
-1.000000
1.000000
-1.000000
0.000000
71.000000
0.005000
102.000000
651.000000
0.000500
100.000000
-1.000000
1.000000
-1.000000
0.000000
-1.000000
0.000000
595.000000
0.002450
124.000000
481.000000
0.004000
112.000000
-1.000000
0.000000
0.000000
0.996600
122.000000
733.000000
0.001700
120.000000
-1.000000
1.000000
-1.000000
0.000000
-1.000000
0.000000
395.000000
0.002750
134.000000
75.000000
0.002450
132.000000
-1.000000
0.000000
-1.000000
1.000000
-1.000000
0.000000
0.000000
0.983350
161.000000
303.000000
0.006050
159.000000
607.000000
0.002100
157.000000
294.000000
0.003000
155.000000
173.000000
0.004800
153.000000
-1.000000
1.000000
-1.000000
0.000000
-1.000000
1.000000
-1.000000
0.000000
-1.000000
1.000000
290.000000
0.001450
181.000000
57.000000
0.012050
169.000000
-1.000000
0.000000
70.000000
0.015050
179.000000
103.000000
0.006850
177.000000
-1.000000
0.000000
-1.000000
1.000000
-1.000000
0.000000
-1.000000
1.000000
183.000000
349.000000
0.004200
151.000000
724.000000
0.000350
139.000000
341.000000
0.000500
117.000000
42.000000
0.006050
65.000000
40.000000
0.002400
38.000000
71.000000
0.006100
26.000000
64.000000
0.020400
24.000000
-1.000000
0.000000
-1.000000
1.000000
304.000000
0.033950
31.000000
-1.000000
1.000000
52.000000
0.008950
36.000000
-1.000000
0.000000
-1.000000
1.000000
40.000000
0.016000
53.000000
674.000000
0.001550
46.000000
-1.000000
1.000000
188.000000
0.001550
51.000000
-1.000000
1.000000
-1.000000
0.000000
294.000000
0.011650
63.000000
256.000000
0.721600
61.000000
-1.000000
1.000000
-1.000000
0.000000
-1.000000
1.000000
60.000000
0.002150
100.000000
45.000000
0.002350
88.000000
309.000000
0.005750
81.000000
67.000000
0.008400
79.000000
-1.000000
1.000000
-1.000000
0.000000
510.000000
0.010600
86.000000
-1.000000
1.000000
-1.000000
0.000000
285.000000
0.004750
98.000000
610.000000
0.003500
96.000000
-1.000000
1.000000
-1.000000
0.000000
-1.000000
1.000000
295.000000
0.005700
115.000000
75.000000
0.005800
108.000000
-1.000000
1.000000
485.000000
0.004250
113.000000
-1.000000
1.000000
-1.000000
0.000000
-1.000000
1.000000
256.000000
0.972950
122.000000
-1.000000
1.000000
43.000000
0.001250
137.000000
76.000000
0.006850
130.000000
-1.000000
0.000000
171.000000
0.031900
135.000000
-1.000000
1.000000
-1.000000
0.000000
-1.000000
0.000000
299.000000
0.002750
144.000000
-1.000000
0.000000
552.000000
0.003450
149.000000
-1.000000
1.000000
-1.000000
0.000000
316.000000
0.004250
176.000000
42.000000
0.005750
159.000000
-1.000000
0.000000
605.000000
0.002950
174.000000
650.000000
0.001450
167.000000
-1.000000
0.000000
392.000000
0.005050
172.000000
-1.000000
1.000000
-1.000000
0.000000
-1.000000
0.000000
656.000000
0.005900
181.000000
-1.000000
1.000000
-1.000000
0.000000
183.000000
302.000000
0.001300
121.000000
256.000000
0.753000
9.000000
-1.000000
1.000000
308.000000
0.001950
89.000000
60.000000
0.000900
57.000000
41.000000
0.002200
35.000000
336.000000
0.002900
28.000000
311.000000
0.021750
26.000000
-1.000000
0.000000
-1.000000
1.000000
743.000000
0.002900
33.000000
-1.000000
1.000000
-1.000000
0.000000
255.000000
0.011250
55.000000
64.000000
0.008350
43.000000
-1.000000
0.000000
564.000000
0.010650
48.000000
-1.000000
1.000000
342.000000
0.031900
53.000000
-1.000000
1.000000
-1.000000
0.000000
-1.000000
0.000000
366.000000
0.001050
72.000000
511.000000
0.006650
70.000000
276.000000
0.003550
68.000000
-1.000000
0.000000
-1.000000
1.000000
-1.000000
0.000000
55.000000
0.003700
77.000000
-1.000000
0.000000
386.000000
0.002300
87.000000
78.000000
0.011350
85.000000
-1.000000
1.000000
-1.000000
0.000000
-1.000000
0.000000
0.000000
0.990500
104.000000
65.000000
0.002100
102.000000
731.000000
0.005500
100.000000
-1.000000
1.000000
-1.000000
0.000000
-1.000000
0.000000
44.000000
0.001950
119.000000
376.000000
0.004050
117.000000
332.000000
0.029400
115.000000
-1.000000
0.000000
-1.000000
1.000000
-1.000000
0.000000
-1.000000
0.000000
308.000000
0.001000
136.000000
620.000000
0.001300
134.000000
604.000000
0.003900
132.000000
-1.000000
1.000000
-1.000000
0.000000
-1.000000
0.000000
375.000000
0.000450
166.000000
337.000000
0.006350
154.000000
312.000000
0.001800
152.000000
542.000000
0.027800
150.000000
-1.000000
1.000000
-1.000000
0.000000
-1.000000
1.000000
46.000000
0.001700
164.000000
487.000000
0.003950
162.000000
-1.000000
1.000000
-1.000000
0.000000
-1.000000
1.000000
522.000000
0.000450
176.000000
320.000000
0.002900
174.000000
-1.000000
0.000000
-1.000000
1.000000
321.000000
0.003900
181.000000
-1.000000
0.000000
-1.000000
1.000000
228.000000
89.000000
0.001350
161.000000
256.000000
0.990900
79.000000
60.000000
0.000900
37.000000
318.000000
0.001850
20.000000
685.000000
0.003950
18.000000
-1.000000
1.000000
-1.000000
0.000000
317.000000
0.003800
35.000000
543.000000
0.006850
28.000000
-1.000000
1.000000
100.000000
0.011850
33.000000
-1.000000
0.000000
-1.000000
1.000000
-1.000000
1.000000
60.000000
0.007700
52.000000
299.000000
0.004800
50.000000
245.000000
0.002050
48.000000
-1.000000
1.000000
-1.000000
0.000000
-1.000000
1.000000
444.000000
0.004650
77.000000
76.000000
0.004150
65.000000
191.000000
0.011350
63.000000
-1.000000
1.000000
-1.000000
0.000000
78.000000
0.006150
75.000000
662.000000
0.010650
73.000000
-1.000000
1.000000
-1.000000
0.000000
-1.000000
1.000000
-1.000000
0.000000
649.000000
0.000350
149.000000
256.000000
0.997800
97.000000
41.000000
0.003700
95.000000
353.000000
0.000500
93.000000
-1.000000
1.000000
-1.000000
0.000000
-1.000000
0.000000
57.000000
0.009200
142.000000
298.000000
0.043500
135.000000
254.000000
0.003850
133.000000
343.000000
0.020550
126.000000
620.000000
0.002650
124.000000
359.000000
0.006400
122.000000
437.000000
0.003150
120.000000
-1.000000
1.000000
-1.000000
0.000000
-1.000000
0.000000
-1.000000
0.000000
42.000000
0.039400
131.000000
-1.000000
1.000000
-1.000000
0.000000
-1.000000
0.000000
47.000000
0.027800
140.000000
-1.000000
1.000000
-1.000000
0.000000
601.000000
0.002650
147.000000
-1.000000
1.000000
-1.000000
0.000000
69.000000
0.000350
159.000000
290.000000
0.005450
157.000000
-1.000000
0.000000
-1.000000
1.000000
-1.000000
0.000000
317.000000
0.007700
211.000000
178.000000
0.001450
199.000000
43.000000
0.001350
187.000000
256.000000
0.992350
185.000000
302.000000
0.007900
183.000000
596.000000
0.003800
181.000000
-1.000000
1.000000
-1.000000
0.000000
-1.000000
1.000000
-1.000000
0.000000
307.000000
0.001050
192.000000
-1.000000
0.000000
193.000000
0.002950
197.000000
-1.000000
1.000000
-1.000000
0.000000
47.000000
0.010300
204.000000
-1.000000
1.000000
322.000000
0.013100
209.000000
-1.000000
0.000000
-1.000000
1.000000
536.000000
0.004250
216.000000
-1.000000
1.000000
596.000000
0.003900
226.000000
61.000000
0.011700
224.000000
-1.000000
0.000000
-1.000000
1.000000
-1.000000
0.000000
243.000000
88.000000
0.000350
181.000000
54.000000
0.000900
114.000000
318.000000
0.001450
87.000000
301.000000
0.008950
80.000000
52.000000
0.002300
43.000000
42.000000
0.049050
36.000000
277.000000
0.008950
34.000000
138.000000
0.009450
27.000000
-1.000000
0.000000
324.000000
0.010850
32.000000
-1.000000
1.000000
-1.000000
0.000000
-1.000000
1.000000
288.000000
0.005400
41.000000
-1.000000
0.000000
-1.000000
1.000000
43.000000
0.013350
73.000000
315.000000
0.005700
66.000000
586.000000
0.005900
64.000000
343.000000
0.004550
62.000000
249.000000
0.004150
60.000000
-1.000000
1.000000
-1.000000
0.000000
-1.000000
0.000000
-1.000000
0.000000
256.000000
0.721600
71.000000
-1.000000
1.000000
-1.000000
0.000000
624.000000
0.006350
78.000000
-1.000000
1.000000
-1.000000
0.000000
531.000000
0.027800
85.000000
-1.000000
1.000000
-1.000000
0.000000
294.000000
0.002750
112.000000
359.000000
0.002850
100.000000
335.000000
0.011350
98.000000
-1.000000
0.000000
-1.000000
1.000000
347.000000
0.002700
105.000000
-1.000000
0.000000
93.000000
0.002850
110.000000
-1.000000
1.000000
-1.000000
0.000000
-1.000000
1.000000
358.000000
0.002100
159.000000
239.000000
0.003700
147.000000
293.000000
0.001400
145.000000
0.000000
0.992150
133.000000
740.000000
0.003950
131.000000
-1.000000
1.000000
-1.000000
0.000000
344.000000
0.001550
143.000000
310.000000
0.046500
141.000000
-1.000000
0.000000
-1.000000
1.000000
-1.000000
0.000000
-1.000000
1.000000
340.000000
0.003950
152.000000
-1.000000
0.000000
292.000000
0.003950
157.000000
-1.000000
0.000000
-1.000000
1.000000
533.000000
0.001800
174.000000
152.000000
0.008150
167.000000
-1.000000
0.000000
255.000000
0.022950
172.000000
-1.000000
1.000000
-1.000000
0.000000
661.000000
0.004200
179.000000
-1.000000
1.000000
-1.000000
0.000000
53.000000
0.001050
201.000000
363.000000
0.003350
194.000000
767.000000
0.007050
192.000000
-1.000000
1.000000
-1.000000
0.000000
518.000000
0.017150
199.000000
-1.000000
0.000000
-1.000000
1.000000
56.000000
0.000700
221.000000
47.000000
0.001800
209.000000
-1.000000
1.000000
660.000000
0.002650
219.000000
536.000000
0.006100
217.000000
-1.000000
1.000000
-1.000000
0.000000
-1.000000
0.000000
512.000000
0.931300
226.000000
-1.000000
1.000000
306.000000
0.008550
241.000000
367.000000
0.000450
239.000000
567.000000
0.004450
237.000000
-1.000000
1.000000
-1.000000
0.000000
-1.000000
0.000000
-1.000000
1.000000
123.000000
383.000000
0.000700
96.000000
0.000000
0.865600
9.000000
-1.000000
1.000000
46.000000
0.009750
69.000000
256.000000
0.998450
42.000000
57.000000
0.005350
30.000000
361.000000
0.006950
23.000000
-1.000000
0.000000
322.000000
0.006600
28.000000
-1.000000
0.000000
-1.000000
1.000000
65.000000
0.003950
35.000000
-1.000000
1.000000
740.000000
0.003950
40.000000
-1.000000
1.000000
-1.000000
0.000000
42.000000
0.014700
47.000000
-1.000000
0.000000
338.000000
0.002800
57.000000
675.000000
0.010400
55.000000
-1.000000
1.000000
-1.000000
0.000000
334.000000
0.038950
62.000000
-1.000000
0.000000
125.000000
0.015650
67.000000
-1.000000
1.000000
-1.000000
0.000000
86.000000
0.006100
84.000000
48.000000
0.002500
82.000000
627.000000
0.003900
80.000000
-1.000000
1.000000
-1.000000
0.000000
-1.000000
0.000000
227.000000
0.006100
94.000000
513.000000
0.010650
92.000000
-1.000000
1.000000
-1.000000
0.000000
-1.000000
0.000000
43.000000
0.000700
111.000000
123.000000
0.007600
104.000000
-1.000000
0.000000
41.000000
0.004100
109.000000
-1.000000
0.000000
-1.000000
1.000000
734.000000
0.000350
121.000000
323.000000
0.001450
119.000000
-1.000000
0.000000
-1.000000
1.000000
-1.000000
0.000000
168.000000
78.000000
0.000450
101.000000
357.000000
0.000500
79.000000
509.000000
0.002450
57.000000
65.000000
0.001550
40.000000
112.000000
0.003800
33.000000
642.000000
0.006100
31.000000
42.000000
0.019150
29.000000
0.000000
0.983600
27.000000
-1.000000
1.000000
-1.000000
0.000000
-1.000000
1.000000
-1.000000
0.000000
290.000000
0.007600
38.000000
-1.000000
0.000000
-1.000000
1.000000
316.000000
0.001800
55.000000
288.000000
0.008950
53.000000
541.000000
0.022750
51.000000
-1.000000
0.000000
-1.000000
1.000000
-1.000000
1.000000
-1.000000
1.000000
81.000000
0.002450
62.000000
-1.000000
0.000000
256.000000
0.978000
72.000000
314.000000
0.002750
70.000000
-1.000000
0.000000
-1.000000
1.000000
379.000000
0.002750
77.000000
-1.000000
0.000000
-1.000000
1.000000
48.000000
0.001800
89.000000
229.000000
0.004200
87.000000
-1.000000
0.000000
-1.000000
1.000000
256.000000
0.986450
94.000000
-1.000000
1.000000
186.000000
0.003900
99.000000
-1.000000
0.000000
-1.000000
1.000000
0.000000
0.821250
106.000000
-1.000000
1.000000
337.000000
0.001850
126.000000
209.000000
0.001250
124.000000
55.000000
0.008350
117.000000
-1.000000
0.000000
71.000000
0.005400
122.000000
-1.000000
0.000000
-1.000000
1.000000
-1.000000
0.000000
512.000000
0.997250
136.000000
509.000000
0.005500
134.000000
-1.000000
1.000000
-1.000000
0.000000
212.000000
0.003950
161.000000
134.000000
0.001850
159.000000
673.000000
0.000450
157.000000
344.000000
0.020850
150.000000
-1.000000
0.000000
687.000000
0.010850
155.000000
-1.000000
1.000000
-1.000000
0.000000
-1.000000
0.000000
-1.000000
1.000000
99.000000
0.004000
166.000000
-1.000000
1.000000
-1.000000
0.000000
178.000000
300.000000
0.000950
116.000000
295.000000
0.000500
89.000000
314.000000
0.000350
77.000000
69.000000
0.006050
55.000000
251.000000
0.002650
53.000000
291.000000
0.001700
41.000000
140.000000
0.001550
39.000000
285.000000
0.001800
37.000000
561.000000
0.015650
30.000000
-1.000000
0.000000
334.000000
0.080250
35.000000
-1.000000
1.000000
-1.000000
0.000000
-1.000000
1.000000
-1.000000
0.000000
283.000000
0.001450
51.000000
739.000000
0.003400
49.000000
-1.000000
1.000000
-1.000000
0.000000
-1.000000
1.000000
-1.000000
0.000000
0.000000
0.894950
60.000000
-1.000000
1.000000
649.000000
0.004350
75.000000
455.000000
0.001250
73.000000
86.000000
0.071450
71.000000
-1.000000
0.000000
-1.000000
1.000000
-1.000000
0.000000
-1.000000
0.000000
442.000000
0.000350
87.000000
389.000000
0.002750
85.000000
-1.000000
1.000000
-1.000000
0.000000
-1.000000
0.000000
295.000000
0.013950
99.000000
78.000000
0.001700
97.000000
-1.000000
0.000000
-1.000000
1.000000
289.000000
0.003800
114.000000
297.000000
0.019600
112.000000
314.000000
0.009450
110.000000
-1.000000
0.000000
-1.000000
1.000000
-1.000000
0.000000
-1.000000
1.000000
49.000000
0.002000
136.000000
94.000000
0.002750
134.000000
571.000000
0.025000
127.000000
-1.000000
1.000000
77.000000
0.033350
132.000000
-1.000000
0.000000
-1.000000
1.000000
-1.000000
1.000000
57.000000
0.001350
161.000000
49.000000
0.007750
149.000000
481.000000
0.003800
147.000000
-1.000000
1.000000
-1.000000
0.000000
42.000000
0.004000
154.000000
-1.000000
1.000000
80.000000
0.010450
159.000000
-1.000000
0.000000
-1.000000
1.000000
74.000000
0.002450
176.000000
66.000000
0.010850
174.000000
246.000000
0.002100
172.000000
-1.000000
1.000000
-1.000000
0.000000
-1.000000
0.000000
-1.000000
1.000000
213.000000
618.000000
0.000350
186.000000
388.000000
0.001300
149.000000
75.000000
0.000850
87.000000
47.000000
0.001800
65.000000
327.000000
0.003700
38.000000
288.000000
0.006500
36.000000
369.000000
0.002950
24.000000
-1.000000
1.000000
49.000000
0.009550
29.000000
-1.000000
0.000000
148.000000
0.002950
34.000000
-1.000000
1.000000
-1.000000
0.000000
-1.000000
1.000000
41.000000
0.003850
53.000000
517.000000
0.003700
51.000000
675.000000
0.011100
49.000000
-1.000000
1.000000
-1.000000
0.000000
-1.000000
1.000000
515.000000
0.003900
63.000000
291.000000
0.003800
61.000000
-1.000000
0.000000
-1.000000
1.000000
-1.000000
1.000000
595.000000
0.005900
80.000000
48.000000
0.007050
78.000000
664.000000
0.003450
76.000000
-1.000000
1.000000
-1.000000
0.000000
-1.000000
1.000000
370.000000
0.005900
85.000000
-1.000000
1.000000
-1.000000
0.000000
293.000000
0.001050
127.000000
87.000000
0.001800
115.000000
300.000000
0.004250
108.000000
343.000000
0.003900
106.000000
641.000000
0.004450
104.000000
-1.000000
1.000000
-1.000000
0.000000
-1.000000
0.000000
143.000000
0.002750
113.000000
-1.000000
0.000000
-1.000000
1.000000
305.000000
0.037250
120.000000
-1.000000
1.000000
562.000000
0.027800
125.000000
-1.000000
1.000000
-1.000000
0.000000
312.000000
0.000950
137.000000
108.000000
0.000450
135.000000
-1.000000
1.000000
-1.000000
0.000000
82.000000
0.001850
147.000000
73.000000
0.004250
145.000000
-1.000000
1.000000
-1.000000
0.000000
-1.000000
1.000000
353.000000
0.001300
169.000000
380.000000
0.002750
157.000000
-1.000000
0.000000
495.000000
0.002700
167.000000
371.000000
0.001700
165.000000
-1.000000
1.000000
-1.000000
0.000000
-1.000000
0.000000
380.000000
0.007000
174.000000
-1.000000
0.000000
584.000000
0.004000
184.000000
513.000000
0.013700
182.000000
-1.000000
0.000000
-1.000000
1.000000
-1.000000
0.000000
381.000000
0.000700
201.000000
333.000000
0.000500
199.000000
296.000000
0.005400
197.000000
-1.000000
0.000000
-1.000000
1.000000
-1.000000
0.000000
32.000000
0.001450
206.000000
-1.000000
0.000000
727.000000
0.007450
211.000000
-1.000000
1.000000
-1.000000
0.000000
193.000000
321.000000
0.001400
141.000000
0.000000
0.987550
99.000000
111.000000
0.002950
77.000000
293.000000
0.002700
75.000000
60.000000
0.005050
48.000000
64.000000
0.002050
31.000000
332.000000
0.003800
24.000000
-1.000000
1.000000
236.000000
0.010650
29.000000
-1.000000
0.000000
-1.000000
1.000000
295.000000
0.006150
41.000000
11.000000
0.003950
39.000000
-1.000000
1.000000
-1.000000
0.000000
705.000000
0.002050
46.000000
-1.000000
1.000000
-1.000000
0.000000
40.000000
0.005750
68.000000
46.000000
0.009100
61.000000
356.000000
0.013400
59.000000
-1.000000
1.000000
-1.000000
0.000000
109.000000
0.006350
66.000000
-1.000000
1.000000
-1.000000
0.000000
227.000000
0.003350
73.000000
-1.000000
1.000000
-1.000000
0.000000
-1.000000
1.000000
111.000000
0.008050
87.000000
81.000000
0.003900
85.000000
-1.000000
0.000000
-1.000000
1.000000
45.000000
0.014150
92.000000
-1.000000
1.000000
372.000000
0.018400
97.000000
-1.000000
1.000000
-1.000000
0.000000
290.000000
0.000500
134.000000
90.000000
0.010250
132.000000
42.000000
0.012050
110.000000
-1.000000
0.000000
344.000000
0.041150
125.000000
369.000000
0.002650
123.000000
126.000000
0.015650
121.000000
-1.000000
1.000000
-1.000000
0.000000
-1.000000
0.000000
62.000000
0.013900
130.000000
-1.000000
1.000000
-1.000000
0.000000
-1.000000
0.000000
478.000000
0.000500
139.000000
-1.000000
1.000000
-1.000000
0.000000
256.000000
0.741650
146.000000
-1.000000
1.000000
42.000000
0.001800
166.000000
513.000000
0.002750
164.000000
96.000000
0.004100
157.000000
-1.000000
0.000000
326.000000
0.004100
162.000000
-1.000000
0.000000
-1.000000
1.000000
-1.000000
1.000000
318.000000
0.008550
181.000000
255.000000
0.007950
179.000000
600.000000
0.022750
177.000000
-1.000000
1.000000
-1.000000
0.000000
-1.000000
0.000000
72.000000
0.001800
191.000000
675.000000
0.002100
189.000000
-1.000000
1.000000
-1.000000
0.000000
-1.000000
1.000000
193.000000
54.000000
0.000900
96.000000
290.000000
0.001350
89.000000
256.000000
0.955250
27.000000
297.000000
0.020300
15.000000
-1.000000
1.000000
42.000000
0.008950
25.000000
379.000000
0.011350
23.000000
-1.000000
1.000000
-1.000000
0.000000
-1.000000
1.000000
45.000000
0.002850
67.000000
355.000000
0.029300
60.000000
356.000000
0.003950
58.000000
310.000000
0.006350
51.000000
25.000000
0.002650
49.000000
326.000000
0.029400
47.000000
-1.000000
0.000000
-1.000000
1.000000
-1.000000
0.000000
43.000000
0.033500
56.000000
-1.000000
0.000000
-1.000000
1.000000
-1.000000
0.000000
123.000000
0.016650
65.000000
-1.000000
0.000000
-1.000000
1.000000
604.000000
0.009650
72.000000
-1.000000
0.000000
40.000000
0.005800
82.000000
603.000000
0.022750
80.000000
-1.000000
1.000000
-1.000000
0.000000
690.000000
0.005400
87.000000
-1.000000
0.000000
-1.000000
1.000000
592.000000
0.004050
94.000000
-1.000000
1.000000
-1.000000
0.000000
43.000000
0.000700
146.000000
398.000000
0.001550
134.000000
256.000000
0.710450
107.000000
-1.000000
1.000000
0.000000
0.812550
112.000000
-1.000000
1.000000
0.000000
0.993900
122.000000
95.000000
0.000950
120.000000
-1.000000
0.000000
-1.000000
1.000000
741.000000
0.002350
132.000000
75.000000
0.021750
130.000000
-1.000000
0.000000
-1.000000
1.000000
-1.000000
0.000000
514.000000
0.006850
139.000000
-1.000000
0.000000
533.000000
0.027400
144.000000
-1.000000
0.000000
-1.000000
1.000000
367.000000
0.000450
171.000000
256.000000
0.985700
159.000000
478.000000
0.002150
157.000000
-1.000000
1.000000
-1.000000
0.000000
451.000000
0.003900
164.000000
-1.000000
0.000000
213.000000
0.009350
169.000000
-1.000000
1.000000
-1.000000
0.000000
45.000000
0.002550
186.000000
136.000000
0.005800
179.000000
-1.000000
0.000000
573.000000
0.016000
184.000000
-1.000000
0.000000
-1.000000
1.000000
2.000000
0.008750
191.000000
-1.000000
0.000000
-1.000000
1.000000
168.000000
305.000000
0.001050
101.000000
79.000000
0.005050
84.000000
255.000000
0.003950
57.000000
0.000000
0.996000
35.000000
327.000000
0.006100
18.000000
-1.000000
1.000000
351.000000
0.007600
33.000000
334.000000
0.016400
31.000000
151.000000
0.004200
29.000000
-1.000000
0.000000
-1.000000
1.000000
-1.000000
0.000000
-1.000000
1.000000
347.000000
0.004550
45.000000
549.000000
0.020850
43.000000
-1.000000
0.000000
-1.000000
1.000000
48.000000
0.015200
55.000000
154.000000
0.004350
53.000000
-1.000000
1.000000
-1.000000
0.000000
-1.000000
0.000000
521.000000
0.002750
77.000000
71.000000
0.000350
75.000000
544.000000
0.002750
68.000000
-1.000000
0.000000
601.000000
0.009250
73.000000
-1.000000
1.000000
-1.000000
0.000000
-1.000000
0.000000
617.000000
0.002050
82.000000
-1.000000
1.000000
-1.000000
0.000000
289.000000
0.003000
99.000000
300.000000
0.005700
97.000000
314.000000
0.003000
95.000000
-1.000000
0.000000
-1.000000
1.000000
-1.000000
1.000000
-1.000000
1.000000
557.000000
0.000450
161.000000
186.000000
0.001700
149.000000
290.000000
0.001350
132.000000
55.000000
0.001850
125.000000
571.000000
0.001950
123.000000
52.000000
0.013400
121.000000
-1.000000
0.000000
-1.000000
1.000000
-1.000000
0.000000
312.000000
0.000950
130.000000
-1.000000
0.000000
-1.000000
1.000000
316.000000
0.001450
147.000000
625.000000
0.002150
140.000000
-1.000000
1.000000
91.000000
0.007600
145.000000
-1.000000
0.000000
-1.000000
1.000000
-1.000000
1.000000
149.000000
0.001800
154.000000
-1.000000
0.000000
339.000000
0.003550
159.000000
-1.000000
0.000000
-1.000000
1.000000
345.000000
0.000450
166.000000
-1.000000
1.000000
-1.000000
0.000000
163.000000
317.000000
0.001000
116.000000
302.000000
0.001850
89.000000
286.000000
0.001700
72.000000
767.000000
0.034750
70.000000
46.000000
0.002750
38.000000
348.000000
0.003600
26.000000
295.000000
0.023800
24.000000
-1.000000
0.000000
-1.000000
1.000000
92.000000
0.003600
36.000000
343.000000
0.016650
34.000000
-1.000000
0.000000
-1.000000
1.000000
-1.000000
0.000000
171.000000
0.004450
68.000000
48.000000
0.010750
56.000000
300.000000
0.004150
54.000000
57.000000
0.002750
52.000000
-1.000000
0.000000
-1.000000
1.000000
-1.000000
1.000000
47.000000
0.013300
61.000000
-1.000000
0.000000
347.000000
0.011100
66.000000
-1.000000
1.000000
-1.000000
0.000000
-1.000000
0.000000
-1.000000
0.000000
286.000000
0.013600
87.000000
767.000000
0.062700
85.000000
350.000000
0.005600
83.000000
-1.000000
0.000000
-1.000000
1.000000
-1.000000
0.000000
-1.000000
1.000000
296.000000
0.001850
104.000000
0.000000
0.974400
97.000000
-1.000000
1.000000
369.000000
0.003900
102.000000
-1.000000
1.000000
-1.000000
0.000000
294.000000
0.002600
114.000000
567.000000
0.027800
112.000000
-1.000000
1.000000
-1.000000
0.000000
-1.000000
1.000000
307.000000
0.001000
141.000000
255.000000
0.007800
129.000000
591.000000
0.025000
127.000000
-1.000000
1.000000
-1.000000
0.000000
654.000000
0.001550
139.000000
605.000000
0.007450
137.000000
-1.000000
0.000000
-1.000000
1.000000
-1.000000
0.000000
318.000000
0.000500
151.000000
70.000000
0.002700
149.000000
-1.000000
0.000000
-1.000000
1.000000
316.000000
0.005650
161.000000
620.000000
0.001300
159.000000
-1.000000
1.000000
-1.000000
0.000000
-1.000000
1.000000
198.000000
63.000000
0.000950
131.000000
487.000000
0.001550
124.000000
291.000000
0.001800
122.000000
327.000000
0.001250
65.000000
0.000000
0.987150
53.000000
113.000000
0.002750
51.000000
517.000000
0.005400
49.000000
277.000000
0.008950
47.000000
264.000000
0.007800
45.000000
60.000000
0.014850
38.000000
558.000000
0.022750
36.000000
-1.000000
0.000000
-1.000000
1.000000
50.000000
0.020300
43.000000
-1.000000
1.000000
-1.000000
0.000000
-1.000000
1.000000
-1.000000
1.000000
-1.000000
1.000000
-1.000000
1.000000
357.000000
0.003000
63.000000
76.000000
0.020850
61.000000
-1.000000
0.000000
-1.000000
1.000000
-1.000000
0.000000
305.000000
0.005300
115.000000
253.000000
0.001250
103.000000
569.000000
0.002750
96.000000
354.000000
0.003600
94.000000
55.000000
0.002200
82.000000
-1.000000
1.000000
401.000000
0.002200
92.000000
294.000000
0.015650
90.000000
-1.000000
0.000000
-1.000000
1.000000
-1.000000
0.000000
-1.000000
0.000000
557.000000
0.058800
101.000000
-1.000000
0.000000
-1.000000
1.000000
256.000000
0.996550
113.000000
162.000000
0.002750
111.000000
-1.000000
0.000000
-1.000000
1.000000
-1.000000
0.000000
307.000000
0.006500
120.000000
-1.000000
0.000000
-1.000000
1.000000
-1.000000
1.000000
522.000000
0.014950
129.000000
-1.000000
0.000000
-1.000000
1.000000
67.000000
0.000450
181.000000
45.000000
0.000950
174.000000
72.000000
0.011800
162.000000
46.000000
0.002800
150.000000
554.000000
0.006000
148.000000
-1.000000
1.000000
-1.000000
0.000000
105.000000
0.002800
155.000000
-1.000000
1.000000
447.000000
0.002800
160.000000
-1.000000
1.000000
-1.000000
0.000000
80.000000
0.016300
167.000000
-1.000000
0.000000
649.000000
0.013900
172.000000
-1.000000
1.000000
-1.000000
0.000000
256.000000
0.886050
179.000000
-1.000000
1.000000
-1.000000
0.000000
256.000000
0.952150
186.000000
-1.000000
1.000000
70.000000
0.000350
196.000000
0.000000
0.996100
194.000000
-1.000000
1.000000
-1.000000
0.000000
-1.000000
0.000000
163.000000
318.000000
0.000500
111.000000
61.000000
0.011500
84.000000
260.000000
0.001400
82.000000
0.000000
0.909850
15.000000
-1.000000
1.000000
306.000000
0.000850
60.000000
509.000000
0.002800
58.000000
554.000000
0.006100
56.000000
298.000000
0.004200
49.000000
55.000000
0.017200
32.000000
-1.000000
0.000000
311.000000
0.020850
42.000000
334.000000
0.010850
40.000000
-1.000000
1.000000
-1.000000
0.000000
338.000000
0.020850
47.000000
-1.000000
0.000000
-1.000000
1.000000
294.000000
0.021750
54.000000
-1.000000
0.000000
-1.000000
1.000000
-1.000000
0.000000
-1.000000
0.000000
510.000000
0.001300
80.000000
198.000000
0.003950
78.000000
60.000000
0.007850
76.000000
57.000000
0.010850
74.000000
-1.000000
0.000000
-1.000000
1.000000
-1.000000
1.000000
-1.000000
0.000000
-1.000000
0.000000
-1.000000
1.000000
42.000000
0.003050
99.000000
314.000000
0.005600
97.000000
60.000000
0.007450
95.000000
-1.000000
0.000000
-1.000000
1.000000
-1.000000
1.000000
281.000000
0.003050
109.000000
290.000000
0.011900
107.000000
-1.000000
0.000000
-1.000000
1.000000
-1.000000
1.000000
255.000000
0.010850
131.000000
298.000000
0.008200
119.000000
-1.000000
1.000000
298.000000
0.019200
124.000000
-1.000000
1.000000
82.000000
0.005400
129.000000
-1.000000
0.000000
-1.000000
1.000000
507.000000
0.001550
141.000000
623.000000
0.003600
139.000000
-1.000000
1.000000
-1.000000
0.000000
231.000000
0.001000
161.000000
692.000000
0.001550
159.000000
55.000000
0.004550
152.000000
-1.000000
1.000000
502.000000
0.004550
157.000000
-1.000000
1.000000
-1.000000
0.000000
-1.000000
0.000000
-1.000000
0.000000
173.000000
76.000000
0.000500
96.000000
557.000000
0.002750
74.000000
256.000000
0.983900
42.000000
294.000000
0.001800
25.000000
284.000000
0.007450
23.000000
58.000000
0.008650
21.000000
-1.000000
0.000000
-1.000000
1.000000
-1.000000
1.000000
333.000000
0.002050
30.000000
-1.000000
1.000000
307.000000
0.001700
40.000000
80.000000
0.009050
38.000000
-1.000000
0.000000
-1.000000
1.000000
-1.000000
1.000000
733.000000
0.004250
62.000000
42.000000
0.012100
50.000000
-1.000000
0.000000
349.000000
0.005000
60.000000
627.000000
0.005300
58.000000
-1.000000
1.000000
-1.000000
0.000000
-1.000000
0.000000
102.000000
0.009950
67.000000
-1.000000
0.000000
244.000000
0.006500
72.000000
-1.000000
1.000000
-1.000000
0.000000
371.000000
0.003900
89.000000
620.000000
0.003950
87.000000
309.000000
0.029400
85.000000
-1.000000
0.000000
-1.000000
1.000000
-1.000000
0.000000
57.000000
0.002750
94.000000
-1.000000
0.000000
-1.000000
1.000000
41.000000
0.001250
126.000000
354.000000
0.001550
119.000000
388.000000
0.002900
117.000000
302.000000
0.012850
115.000000
34.000000
0.003900
113.000000
-1.000000
1.000000
-1.000000
0.000000
-1.000000
1.000000
-1.000000
0.000000
69.000000
0.003150
124.000000
-1.000000
1.000000
-1.000000
0.000000
44.000000
0.000900
141.000000
296.000000
0.001350
139.000000
70.000000
0.004200
137.000000
-1.000000
0.000000
-1.000000
1.000000
-1.000000
1.000000
93.000000
0.005550
161.000000
291.000000
0.002150
154.000000
265.000000
0.007800
152.000000
-1.000000
0.000000
-1.000000
1.000000
449.000000
0.000850
159.000000
-1.000000
1.000000
-1.000000
0.000000
308.000000
0.011150
171.000000
662.000000
0.011150
169.000000
-1.000000
1.000000
-1.000000
0.000000
-1.000000
1.000000
238.000000
64.000000
0.000700
126.000000
357.000000
0.002650
109.000000
329.000000
0.001950
72.000000
552.000000
0.002650
60.000000
128.000000
0.001250
48.000000
47.000000
0.002900
36.000000
0.000000
0.622550
24.000000
-1.000000
1.000000
502.000000
0.005000
34.000000
583.000000
0.025000
32.000000
-1.000000
1.000000
-1.000000
0.000000
-1.000000
0.000000
282.000000
0.005950
46.000000
294.000000
0.006500
44.000000
-1.000000
0.000000
-1.000000
1.000000
-1.000000
1.000000
627.000000
0.005050
58.000000
341.000000
0.005500
56.000000
-1.000000
0.000000
-1.000000
1.000000
-1.000000
0.000000
582.000000
0.007550
70.000000
608.000000
0.020850
68.000000
-1.000000
0.000000
-1.000000
1.000000
-1.000000
1.000000
50.000000
0.001700
92.000000
303.000000
0.003050
90.000000
368.000000
0.003100
88.000000
82.000000
0.006850
86.000000
-1.000000
0.000000
-1.000000
1.000000
-1.000000
0.000000
-1.000000
1.000000
42.000000
0.007650
97.000000
-1.000000
1.000000
256.000000
0.991700
107.000000
297.000000
0.003000
105.000000
-1.000000
0.000000
-1.000000
1.000000
-1.000000
0.000000
533.000000
0.007750
119.000000
288.000000
0.007200
117.000000
-1.000000
0.000000
-1.000000
1.000000
362.000000
0.028150
124.000000
-1.000000
1.000000
-1.000000
0.000000
56.000000
0.000700
181.000000
532.000000
0.002200
164.000000
0.000000
0.965000
152.000000
100.000000
0.002100
140.000000
-1.000000
1.000000
310.000000
0.004850
150.000000
556.000000
0.002100
148.000000
-1.000000
1.000000
-1.000000
0.000000
-1.000000
1.000000
57.000000
0.002050
162.000000
58.000000
0.037300
160.000000
-1.000000
0.000000
-1.000000
1.000000
-1.000000
0.000000
518.000000
0.005900
174.000000
106.000000
0.000950
172.000000
-1.000000
0.000000
-1.000000
1.000000
514.000000
0.011500
179.000000
-1.000000
0.000000
-1.000000
1.000000
50.000000
0.000850
196.000000
64.000000
0.036300
194.000000
256.000000
0.712800
192.000000
-1.000000
1.000000
-1.000000
0.000000
-1.000000
1.000000
30.000000
0.000700
226.000000
53.000000
0.005450
209.000000
292.000000
0.004050
207.000000
-1.000000
0.000000
-1.000000
1.000000
52.000000
0.002300
219.000000
344.000000
0.000450
217.000000
-1.000000
1.000000
-1.000000
0.000000
75.000000
0.002050
224.000000
-1.000000
0.000000
-1.000000
1.000000
512.000000
0.960800
231.000000
-1.000000
1.000000
435.000000
0.001050
236.000000
-1.000000
1.000000
-1.000000
0.000000
163.000000
417.000000
0.001250
126.000000
256.000000
0.968000
54.000000
74.000000
0.000950
32.000000
51.000000
0.002100
15.000000
-1.000000
1.000000
51.000000
0.009950
30.000000
319.000000
0.008350
28.000000
207.000000
0.002100
26.000000
-1.000000
1.000000
-1.000000
0.000000
-1.000000
1.000000
-1.000000
1.000000
41.000000
0.009100
52.000000
73.000000
0.006050
40.000000
-1.000000
1.000000
312.000000
0.003350
45.000000
-1.000000
1.000000
663.000000
0.003350
50.000000
-1.000000
1.000000
-1.000000
0.000000
-1.000000
1.000000
288.000000
0.002150
119.000000
327.000000
0.000350
97.000000
630.000000
0.002050
95.000000
583.000000
0.004050
88.000000
234.000000
0.002500
86.000000
256.000000
0.997350
74.000000
-1.000000
0.000000
47.000000
0.022550
79.000000
-1.000000
0.000000
81.000000
0.056100
84.000000
-1.000000
0.000000
-1.000000
1.000000
-1.000000
0.000000
335.000000
0.004050
93.000000
-1.000000
1.000000
-1.000000
0.000000
-1.000000
0.000000
87.000000
0.000700
117.000000
341.000000
0.001950
115.000000
318.000000
0.020550
113.000000
572.000000
0.113250
111.000000
-1.000000
0.000000
-1.000000
1.000000
-1.000000
1.000000
-1.000000
0.000000
-1.000000
0.000000
293.000000
0.007200
124.000000
-1.000000
0.000000
-1.000000
1.000000
509.000000
0.005750
146.000000
293.000000
0.002900
144.000000
84.000000
0.002750
137.000000
-1.000000
0.000000
631.000000
0.005000
142.000000
-1.000000
0.000000
-1.000000
1.000000
-1.000000
1.000000
428.000000
0.002200
161.000000
638.000000
0.002750
154.000000
-1.000000
0.000000
507.000000
0.017300
159.000000
-1.000000
1.000000
-1.000000
0.000000
-1.000000
0.000000
218.000000
101.000000
0.000850
156.000000
86.000000
0.001300
89.000000
282.000000
0.002650
87.000000
327.000000
0.007750
65.000000
290.000000
0.002100
53.000000
0.000000
0.990350
31.000000
627.000000
0.002050
29.000000
189.000000
0.010000
27.000000
-1.000000
1.000000
-1.000000
0.000000
-1.000000
0.000000
326.000000
0.008450
36.000000
-1.000000
0.000000
344.000000
0.007800
41.000000
-1.000000
0.000000
85.000000
0.013900
51.000000
599.000000
0.007800
49.000000
-1.000000
1.000000
-1.000000
0.000000
-1.000000
0.000000
293.000000
0.006500
63.000000
607.000000
0.002100
61.000000
-1.000000
1.000000
-1.000000
0.000000
-1.000000
1.000000
0.000000
0.987550
75.000000
60.000000
0.010250
73.000000
-1.000000
1.000000
-1.000000
0.000000
323.000000
0.054400
80.000000
-1.000000
0.000000
342.000000
0.025000
85.000000
-1.000000
1.000000
-1.000000
0.000000
-1.000000
1.000000
46.000000
0.001300
124.000000
42.000000
0.017050
112.000000
153.000000
0.003950
110.000000
758.000000
0.001550
103.000000
-1.000000
1.000000
22.000000
0.006750
108.000000
-1.000000
0.000000
-1.000000
1.000000
-1.000000
0.000000
49.000000
0.021800
117.000000
-1.000000
0.000000
124.000000
0.018850
122.000000
-1.000000
0.000000
-1.000000
1.000000
312.000000
0.002750
154.000000
390.000000
0.002750
147.000000
86.000000
0.011850
140.000000
323.000000
0.011350
138.000000
-1.000000
0.000000
-1.000000
1.000000
333.000000
0.006100
145.000000
-1.000000
1.000000
-1.000000
0.000000
189.000000
0.002750
152.000000
-1.000000
0.000000
-1.000000
1.000000
-1.000000
1.000000
312.000000
0.003850
191.000000
43.000000
0.001250
179.000000
65.000000
0.000950
167.000000
-1.000000
0.000000
364.000000
0.002800
177.000000
296.000000
0.003000
175.000000
-1.000000
0.000000
-1.000000
1.000000
-1.000000
1.000000
256.000000
0.991750
189.000000
301.000000
0.004900
187.000000
-1.000000
0.000000
-1.000000
1.000000
-1.000000
0.000000
116.000000
0.001450
216.000000
757.000000
0.005700
214.000000
548.000000
0.008050
212.000000
284.000000
0.003800
210.000000
158.000000
0.003950
208.000000
-1.000000
1.000000
-1.000000
0.000000
-1.000000
1.000000
-1.000000
1.000000
-1.000000
0.000000
-1.000000
1.000000
