6675
2
50
60
0.007916	0.010000	0.011316	0.005929	0.012551	0.013445	0.002812	0.010810	0.010057	0.021388	0.005717	0.021388	0.024030	0.009976	0.005717	0.013211	0.009240	0.019230	0.013947	0.006526	0.006466	0.032351	0.032699	0.016749	0.024037	0.033139	0.036916	0.018322	0.015726	0.042919	0.015728	0.045560	0.005717	0.047654	0.035529	0.031550	0.019348	0.017671	0.037909	0.046071	0.006554	0.002720	0.001520	0.017256	0.005717	0.024268	0.032640	0.063648	0.025240	0.023172	
78.000000
22.000000
0.076100
56.000000
3.000000
0.254000
34.000000
3.000000
0.231900
22.000000
1.000000
0.157850
20.000000
17.000000
0.253900
18.000000
-1.000000
0.000000
-1.000000
1.000000
-1.000000
1.000000
24.000000
0.000350
32.000000
10.000000
0.100850
30.000000
-1.000000
1.000000
-1.000000
0.000000
-1.000000
0.000000
23.000000
0.000150
54.000000
0.000000
0.035800
52.000000
7.000000
0.040750
50.000000
5.000000
0.010950
48.000000
-1.000000
0.000000
-1.000000
1.000000
-1.000000
1.000000
-1.000000
0.000000
-1.000000
0.000000
17.000000
0.213700
61.000000
-1.000000
1.000000
21.000000
0.043450
66.000000
-1.000000
0.000000
38.000000
0.100400
76.000000
33.000000
0.045350
74.000000
-1.000000
1.000000
-1.000000
0.000000
-1.000000
1.000000
93.000000
32.000000
0.090950
76.000000
6.000000
0.042300
39.000000
34.000000
0.044300
32.000000
31.000000
0.000050
30.000000
15.000000
0.092450
28.000000
15.000000
0.069000
21.000000
-1.000000
0.000000
15.000000
0.084550
26.000000
-1.000000
0.000000
-1.000000
1.000000
-1.000000
0.000000
-1.000000
0.000000
13.000000
0.229150
37.000000
-1.000000
1.000000
-1.000000
0.000000
12.000000
0.221400
54.000000
5.000000
0.070550
47.000000
-1.000000
1.000000
19.000000
0.138650
52.000000
-1.000000
1.000000
-1.000000
0.000000
0.000000
0.090950
74.000000
2.000000
0.554700
72.000000
0.000000
0.030150
65.000000
-1.000000
1.000000
13.000000
0.300650
70.000000
-1.000000
0.000000
-1.000000
1.000000
-1.000000
0.000000
-1.000000
0.000000
17.000000
0.200050
81.000000
-1.000000
1.000000
10.000000
0.047750
91.000000
12.000000
0.189150
89.000000
-1.000000
0.000000
-1.000000
1.000000
-1.000000
1.000000
103.000000
18.000000
0.217250
46.000000
32.000000
0.033550
19.000000
11.000000
0.069500
12.000000
-1.000000
0.000000
32.000000
0.005200
17.000000
-1.000000
0.000000
-1.000000
1.000000
11.000000
0.026400
44.000000
8.000000
0.071050
27.000000
-1.000000
1.000000
54.000000
0.000950
32.000000
-1.000000
1.000000
8.000000
0.094300
37.000000
-1.000000
0.000000
5.000000
0.107100
42.000000
-1.000000
0.000000
-1.000000
1.000000
-1.000000
1.000000
27.000000
0.000050
76.000000
5.000000
0.034850
74.000000
1.000000
0.127900
72.000000
2.000000
0.564100
70.000000
12.000000
0.273350
68.000000
8.000000
0.026800
66.000000
-1.000000
1.000000
-1.000000
0.000000
-1.000000
1.000000
-1.000000
0.000000
-1.000000
1.000000
-1.000000
0.000000
6.000000
0.027050
81.000000
-1.000000
0.000000
18.000000
0.243250
86.000000
-1.000000
0.000000
13.000000
0.296350
101.000000
20.000000
0.024950
99.000000
42.000000
0.049800
97.000000
-1.000000
1.000000
-1.000000
0.000000
-1.000000
1.000000
-1.000000
0.000000
78.000000
35.000000
0.025000
36.000000
21.000000
0.000050
24.000000
5.000000
0.034450
22.000000
19.000000
0.235800
15.000000
-1.000000
1.000000
5.000000
0.019500
20.000000
-1.000000
0.000000
-1.000000
1.000000
-1.000000
0.000000
12.000000
0.244600
34.000000
12.000000
0.162150
32.000000
-1.000000
1.000000
-1.000000
0.000000
-1.000000
0.000000
18.000000
0.214750
61.000000
13.000000
0.176100
44.000000
-1.000000
1.000000
36.000000
0.049150
59.000000
19.000000
0.201100
52.000000
-1.000000
1.000000
43.000000
0.006400
57.000000
-1.000000
0.000000
-1.000000
1.000000
-1.000000
1.000000
2.000000
0.520300
76.000000
12.000000
0.165050
69.000000
-1.000000
1.000000
29.000000
0.073400
74.000000
-1.000000
0.000000
-1.000000
1.000000
-1.000000
0.000000
108.000000
3.000000
0.308250
71.000000
15.000000
0.077000
24.000000
0.000000
0.099350
12.000000
-1.000000
1.000000
21.000000
0.009650
17.000000
-1.000000
0.000000
46.000000
0.004750
22.000000
-1.000000
0.000000
-1.000000
1.000000
12.000000
0.254300
54.000000
31.000000
0.012050
52.000000
2.000000
0.535300
45.000000
10.000000
0.086750
38.000000
-1.000000
1.000000
5.000000
0.084650
43.000000
-1.000000
1.000000
-1.000000
0.000000
23.000000
0.000100
50.000000
-1.000000
1.000000
-1.000000
0.000000
-1.000000
1.000000
17.000000
0.221700
69.000000
15.000000
0.213050
62.000000
-1.000000
0.000000
5.000000
0.039750
67.000000
-1.000000
1.000000
-1.000000
0.000000
-1.000000
0.000000
45.000000
0.010500
106.000000
26.000000
0.040450
104.000000
4.000000
0.248150
92.000000
11.000000
0.062550
90.000000
33.000000
0.053800
88.000000
-1.000000
0.000000
-1.000000
1.000000
-1.000000
1.000000
17.000000
0.198750
102.000000
8.000000
0.072550
100.000000
-1.000000
1.000000
-1.000000
0.000000
-1.000000
0.000000
-1.000000
1.000000
-1.000000
1.000000
108.000000
17.000000
0.221200
36.000000
13.000000
0.223700
9.000000
-1.000000
1.000000
19.000000
0.201850
14.000000
-1.000000
1.000000
11.000000
0.014600
34.000000
27.000000
0.007450
27.000000
1.000000
0.091400
25.000000
-1.000000
1.000000
-1.000000
0.000000
32.000000
0.049250
32.000000
-1.000000
0.000000
-1.000000
1.000000
-1.000000
0.000000
14.000000
0.215450
66.000000
2.000000
0.452650
54.000000
6.000000
0.069300
52.000000
10.000000
0.088250
50.000000
-1.000000
1.000000
-1.000000
0.000000
-1.000000
1.000000
17.000000
0.251600
64.000000
4.000000
0.332400
62.000000
-1.000000
0.000000
-1.000000
1.000000
-1.000000
0.000000
10.000000
0.062850
101.000000
12.000000
0.273850
89.000000
6.000000
0.051250
77.000000
-1.000000
0.000000
10.000000
0.011200
87.000000
5.000000
0.029300
85.000000
-1.000000
1.000000
-1.000000
0.000000
-1.000000
0.000000
7.000000
0.024850
99.000000
5.000000
0.019900
97.000000
-1.000000
0.000000
-1.000000
1.000000
-1.000000
0.000000
16.000000
0.255500
106.000000
-1.000000
1.000000
-1.000000
0.000000
118.000000
35.000000
0.027900
66.000000
19.000000
0.245900
49.000000
20.000000
0.014750
42.000000
12.000000
0.237450
40.000000
19.000000
0.207750
28.000000
11.000000
0.063950
21.000000
-1.000000
1.000000
0.000000
0.255150
26.000000
-1.000000
0.000000
-1.000000
1.000000
24.000000
0.000200
38.000000
2.000000
0.525050
36.000000
-1.000000
0.000000
-1.000000
1.000000
-1.000000
0.000000
-1.000000
0.000000
9.000000
0.060600
47.000000
-1.000000
0.000000
-1.000000
1.000000
9.000000
0.053250
54.000000
-1.000000
0.000000
19.000000
0.269100
59.000000
-1.000000
0.000000
12.000000
0.276450
64.000000
-1.000000
0.000000
-1.000000
1.000000
30.000000
0.012900
101.000000
34.000000
0.068300
74.000000
-1.000000
0.000000
42.000000
0.047200
89.000000
49.000000
0.009450
82.000000
-1.000000
1.000000
20.000000
0.021750
87.000000
-1.000000
0.000000
-1.000000
1.000000
56.000000
0.028250
99.000000
54.000000
0.034600
97.000000
-1.000000
0.000000
-1.000000
1.000000
-1.000000
1.000000
6.000000
0.057350
116.000000
38.000000
0.052500
114.000000
55.000000
0.001550
112.000000
-1.000000
1.000000
-1.000000
0.000000
-1.000000
1.000000
-1.000000
1.000000
93.000000
33.000000
0.088600
71.000000
18.000000
0.164800
9.000000
-1.000000
1.000000
55.000000
0.000600
59.000000
4.000000
0.319750
42.000000
1.000000
0.040550
20.000000
-1.000000
0.000000
14.000000
0.260950
25.000000
-1.000000
0.000000
2.000000
0.553550
30.000000
-1.000000
0.000000
15.000000
0.205550
35.000000
-1.000000
0.000000
10.000000
0.032300
40.000000
-1.000000
1.000000
-1.000000
0.000000
18.000000
0.264900
52.000000
8.000000
0.121300
50.000000
-1.000000
0.000000
-1.000000
1.000000
16.000000
0.264500
57.000000
-1.000000
1.000000
-1.000000
0.000000
15.000000
0.114350
69.000000
0.000000
0.030150
67.000000
-1.000000
1.000000
-1.000000
0.000000
-1.000000
0.000000
21.000000
0.070700
76.000000
-1.000000
1.000000
30.000000
0.008850
91.000000
19.000000
0.131100
89.000000
29.000000
0.078500
87.000000
-1.000000
0.000000
-1.000000
1.000000
-1.000000
1.000000
-1.000000
1.000000
128.000000
19.000000
0.211500
61.000000
29.000000
0.038700
44.000000
32.000000
0.080800
42.000000
27.000000
0.003250
35.000000
8.000000
0.125750
28.000000
17.000000
0.283200
26.000000
21.000000
0.010050
24.000000
-1.000000
0.000000
-1.000000
1.000000
-1.000000
1.000000
4.000000
0.331200
33.000000
-1.000000
0.000000
-1.000000
1.000000
33.000000
0.082800
40.000000
-1.000000
0.000000
-1.000000
1.000000
-1.000000
1.000000
4.000000
0.272350
49.000000
-1.000000
1.000000
4.000000
0.350450
54.000000
-1.000000
1.000000
8.000000
0.085200
59.000000
-1.000000
0.000000
-1.000000
1.000000
7.000000
0.107300
126.000000
31.000000
0.002050
104.000000
21.000000
0.000050
92.000000
17.000000
0.219650
75.000000
-1.000000
0.000000
12.000000
0.249600
80.000000
-1.000000
1.000000
1.000000
0.063950
85.000000
-1.000000
0.000000
22.000000
0.002000
90.000000
-1.000000
1.000000
-1.000000
0.000000
11.000000
0.010550
102.000000
9.000000
0.060600
100.000000
-1.000000
1.000000
-1.000000
0.000000
-1.000000
0.000000
48.000000
0.000050
124.000000
4.000000
0.273900
122.000000
14.000000
0.306050
120.000000
9.000000
0.114450
118.000000
-1.000000
0.000000
-1.000000
1.000000
-1.000000
1.000000
-1.000000
0.000000
-1.000000
0.000000
-1.000000
0.000000
123.000000
35.000000
0.027900
76.000000
8.000000
0.060800
34.000000
21.000000
0.000050
32.000000
10.000000
0.085100
25.000000
19.000000
0.247850
23.000000
18.000000
0.267900
21.000000
-1.000000
0.000000
-1.000000
1.000000
-1.000000
0.000000
7.000000
0.140650
30.000000
-1.000000
1.000000
-1.000000
0.000000
-1.000000
0.000000
4.000000
0.274650
49.000000
15.000000
0.084150
47.000000
23.000000
0.059050
45.000000
-1.000000
0.000000
-1.000000
1.000000
-1.000000
0.000000
25.000000
0.000100
64.000000
17.000000
0.253650
62.000000
13.000000
0.279700
60.000000
-1.000000
1.000000
-1.000000
0.000000
-1.000000
1.000000
1.000000
0.102700
69.000000
-1.000000
0.000000
36.000000
0.040950
74.000000
-1.000000
0.000000
-1.000000
1.000000
32.000000
0.070950
86.000000
38.000000
0.055100
84.000000
-1.000000
0.000000
-1.000000
1.000000
27.000000
0.039000
121.000000
27.000000
0.026950
109.000000
22.000000
0.208900
107.000000
24.000000
0.083550
105.000000
7.000000
0.032900
103.000000
-1.000000
0.000000
-1.000000
1.000000
-1.000000
1.000000
-1.000000
1.000000
23.000000
0.114400
119.000000
5.000000
0.013900
117.000000
-1.000000
0.000000
-1.000000
1.000000
-1.000000
1.000000
-1.000000
1.000000
163.000000
13.000000
0.262550
101.000000
21.000000
0.013650
44.000000
12.000000
0.227300
12.000000
-1.000000
1.000000
8.000000
0.103450
42.000000
25.000000
0.004800
25.000000
34.000000
0.047700
23.000000
-1.000000
0.000000
-1.000000
1.000000
28.000000
0.004750
40.000000
28.000000
0.001450
33.000000
-1.000000
1.000000
14.000000
0.258150
38.000000
-1.000000
1.000000
-1.000000
0.000000
-1.000000
0.000000
-1.000000
0.000000
29.000000
0.031700
59.000000
18.000000
0.144950
52.000000
-1.000000
1.000000
27.000000
0.056050
57.000000
-1.000000
0.000000
-1.000000
1.000000
5.000000
0.015650
79.000000
49.000000
0.047750
77.000000
52.000000
0.004100
70.000000
-1.000000
1.000000
49.000000
0.023000
75.000000
-1.000000
1.000000
-1.000000
0.000000
-1.000000
1.000000
6.000000
0.087550
99.000000
6.000000
0.037050
87.000000
-1.000000
1.000000
26.000000
0.045750
97.000000
37.000000
0.107950
95.000000
-1.000000
0.000000
-1.000000
1.000000
-1.000000
1.000000
-1.000000
1.000000
36.000000
0.031900
156.000000
5.000000
0.039650
154.000000
11.000000
0.028750
142.000000
7.000000
0.043750
130.000000
9.000000
0.050650
118.000000
-1.000000
0.000000
2.000000
0.561900
128.000000
7.000000
0.031200
126.000000
-1.000000
1.000000
-1.000000
0.000000
-1.000000
0.000000
36.000000
0.003500
140.000000
11.000000
0.014450
138.000000
-1.000000
1.000000
-1.000000
0.000000
-1.000000
0.000000
19.000000
0.240500
152.000000
2.000000
0.542300
150.000000
-1.000000
1.000000
-1.000000
0.000000
-1.000000
0.000000
-1.000000
0.000000
24.000000
0.083150
161.000000
-1.000000
0.000000
-1.000000
1.000000
158.000000
16.000000
0.113600
31.000000
31.000000
0.017400
29.000000
1.000000
0.135300
27.000000
23.000000
0.140150
25.000000
19.000000
0.209650
23.000000
16.000000
0.096000
21.000000
-1.000000
1.000000
-1.000000
0.000000
-1.000000
0.000000
-1.000000
1.000000
-1.000000
1.000000
-1.000000
1.000000
21.000000
0.007200
96.000000
7.000000
0.087400
84.000000
19.000000
0.249600
52.000000
18.000000
0.269950
50.000000
12.000000
0.265100
48.000000
-1.000000
0.000000
-1.000000
1.000000
-1.000000
1.000000
0.000000
0.022000
67.000000
16.000000
0.197100
60.000000
-1.000000
0.000000
8.000000
0.045700
65.000000
-1.000000
0.000000
-1.000000
1.000000
10.000000
0.028400
72.000000
-1.000000
0.000000
9.000000
0.021700
82.000000
14.000000
0.264350
80.000000
-1.000000
1.000000
-1.000000
0.000000
-1.000000
0.000000
7.000000
0.103500
94.000000
10.000000
0.033150
92.000000
-1.000000
0.000000
-1.000000
1.000000
-1.000000
0.000000
59.000000
0.000050
106.000000
23.000000
0.059200
104.000000
-1.000000
0.000000
-1.000000
1.000000
22.000000
0.075300
121.000000
11.000000
0.028800
114.000000
-1.000000
0.000000
26.000000
0.045950
119.000000
-1.000000
0.000000
-1.000000
1.000000
26.000000
0.064300
146.000000
2.000000
0.504750
129.000000
-1.000000
1.000000
32.000000
0.055650
134.000000
-1.000000
0.000000
32.000000
0.066150
144.000000
59.000000
0.006150
142.000000
-1.000000
1.000000
-1.000000
0.000000
-1.000000
0.000000
18.000000
0.240650
151.000000
-1.000000
1.000000
16.000000
0.125300
156.000000
-1.000000
0.000000
-1.000000
1.000000
123.000000
43.000000
0.000050
81.000000
11.000000
0.013150
24.000000
19.000000
0.235800
12.000000
-1.000000
1.000000
31.000000
0.000100
22.000000
4.000000
0.280300
20.000000
-1.000000
1.000000
-1.000000
0.000000
-1.000000
0.000000
29.000000
0.000050
59.000000
16.000000
0.242100
57.000000
39.000000
0.001000
55.000000
14.000000
0.239350
48.000000
17.000000
0.253600
46.000000
5.000000
0.043800
44.000000
-1.000000
1.000000
-1.000000
0.000000
-1.000000
1.000000
17.000000
0.246150
53.000000
-1.000000
0.000000
-1.000000
1.000000
-1.000000
0.000000
-1.000000
0.000000
34.000000
0.053900
79.000000
18.000000
0.205550
77.000000
38.000000
0.003000
70.000000
-1.000000
0.000000
24.000000
0.030300
75.000000
-1.000000
0.000000
-1.000000
1.000000
-1.000000
0.000000
-1.000000
1.000000
23.000000
0.095800
101.000000
52.000000
0.030350
89.000000
-1.000000
0.000000
44.000000
0.042100
99.000000
44.000000
0.028150
97.000000
-1.000000
1.000000
-1.000000
0.000000
-1.000000
1.000000
0.000000
0.051100
121.000000
31.000000
0.013500
109.000000
-1.000000
1.000000
58.000000
0.025000
114.000000
-1.000000
1.000000
57.000000
0.040800
119.000000
-1.000000
0.000000
-1.000000
1.000000
-1.000000
1.000000
128.000000
55.000000
0.010500
96.000000
7.000000
0.025200
34.000000
21.000000
0.002150
17.000000
15.000000
0.228050
15.000000
-1.000000
0.000000
-1.000000
1.000000
18.000000
0.142000
22.000000
-1.000000
1.000000
16.000000
0.130900
32.000000
35.000000
0.036700
30.000000
-1.000000
0.000000
-1.000000
1.000000
-1.000000
0.000000
2.000000
0.557450
94.000000
2.000000
0.527450
72.000000
35.000000
0.000200
60.000000
5.000000
0.044900
58.000000
8.000000
0.062900
56.000000
2.000000
0.473300
54.000000
-1.000000
0.000000
-1.000000
1.000000
-1.000000
1.000000
-1.000000
0.000000
19.000000
0.186850
65.000000
-1.000000
1.000000
39.000000
0.055150
70.000000
-1.000000
0.000000
-1.000000
1.000000
28.000000
0.014650
87.000000
18.000000
0.226200
80.000000
-1.000000
0.000000
4.000000
0.333250
85.000000
-1.000000
0.000000
-1.000000
1.000000
45.000000
0.000600
92.000000
-1.000000
1.000000
-1.000000
0.000000
-1.000000
0.000000
14.000000
0.167950
101.000000
-1.000000
1.000000
18.000000
0.230750
116.000000
51.000000
0.006100
114.000000
11.000000
0.013550
112.000000
-1.000000
0.000000
-1.000000
1.000000
-1.000000
1.000000
42.000000
0.049800
126.000000
6.000000
0.063700
124.000000
-1.000000
0.000000
-1.000000
1.000000
-1.000000
0.000000
123.000000
23.000000
0.033400
76.000000
19.000000
0.222400
39.000000
53.000000
0.000050
32.000000
16.000000
0.231250
25.000000
12.000000
0.209850
18.000000
-1.000000
1.000000
25.000000
0.000150
23.000000
-1.000000
1.000000
-1.000000
0.000000
4.000000
0.383650
30.000000
-1.000000
0.000000
-1.000000
1.000000
1.000000
0.093650
37.000000
-1.000000
0.000000
-1.000000
1.000000
13.000000
0.275850
44.000000
-1.000000
0.000000
6.000000
0.065450
59.000000
13.000000
0.299950
52.000000
-1.000000
0.000000
13.000000
0.331350
57.000000
-1.000000
0.000000
-1.000000
1.000000
7.000000
0.103400
74.000000
16.000000
0.196150
67.000000
-1.000000
0.000000
33.000000
0.000300
72.000000
-1.000000
1.000000
-1.000000
0.000000
-1.000000
0.000000
7.000000
0.044100
106.000000
18.000000
0.239600
94.000000
13.000000
0.228600
87.000000
-1.000000
1.000000
12.000000
0.238450
92.000000
-1.000000
1.000000
-1.000000
0.000000
2.000000
0.517800
104.000000
24.000000
0.159850
102.000000
-1.000000
0.000000
-1.000000
1.000000
-1.000000
0.000000
18.000000
0.217850
111.000000
-1.000000
1.000000
42.000000
0.013850
116.000000
-1.000000
0.000000
6.000000
0.034000
121.000000
-1.000000
0.000000
-1.000000
1.000000
103.000000
4.000000
0.286300
46.000000
23.000000
0.017800
24.000000
0.000000
0.040450
22.000000
36.000000
0.000450
20.000000
0.000000
0.030250
18.000000
-1.000000
1.000000
-1.000000
0.000000
-1.000000
0.000000
-1.000000
0.000000
21.000000
0.040150
44.000000
8.000000
0.041950
32.000000
-1.000000
1.000000
8.000000
0.082450
37.000000
-1.000000
1.000000
35.000000
0.034700
42.000000
-1.000000
0.000000
-1.000000
1.000000
-1.000000
1.000000
7.000000
0.060900
66.000000
8.000000
0.101100
54.000000
-1.000000
0.000000
3.000000
0.267500
59.000000
-1.000000
1.000000
12.000000
0.249150
64.000000
-1.000000
1.000000
-1.000000
0.000000
14.000000
0.232250
101.000000
34.000000
0.004000
94.000000
5.000000
0.045500
92.000000
18.000000
0.305650
90.000000
13.000000
0.331200
83.000000
-1.000000
1.000000
18.000000
0.283000
88.000000
-1.000000
1.000000
-1.000000
0.000000
-1.000000
1.000000
-1.000000
0.000000
8.000000
0.105850
99.000000
-1.000000
0.000000
-1.000000
1.000000
-1.000000
0.000000
113.000000
33.000000
0.085700
91.000000
23.000000
0.015600
54.000000
17.000000
0.249450
32.000000
35.000000
0.000050
30.000000
15.000000
0.197450
18.000000
-1.000000
0.000000
8.000000
0.052900
23.000000
-1.000000
0.000000
12.000000
0.272350
28.000000
-1.000000
0.000000
-1.000000
1.000000
-1.000000
0.000000
17.000000
0.255650
42.000000
13.000000
0.260600
40.000000
-1.000000
1.000000
-1.000000
0.000000
9.000000
0.058850
52.000000
11.000000
0.007700
50.000000
-1.000000
1.000000
-1.000000
0.000000
-1.000000
1.000000
28.000000
0.031500
79.000000
28.000000
0.015750
62.000000
-1.000000
0.000000
18.000000
0.198250
77.000000
37.000000
0.024000
75.000000
19.000000
0.213700
73.000000
-1.000000
1.000000
-1.000000
0.000000
-1.000000
1.000000
-1.000000
0.000000
18.000000
0.158950
84.000000
-1.000000
1.000000
14.000000
0.261550
89.000000
-1.000000
0.000000
-1.000000
1.000000
12.000000
0.187600
111.000000
12.000000
0.149000
99.000000
-1.000000
1.000000
22.000000
0.226500
109.000000
48.000000
0.017800
107.000000
-1.000000
1.000000
-1.000000
0.000000
-1.000000
1.000000
-1.000000
1.000000
113.000000
39.000000
0.079500
71.000000
28.000000
0.022000
54.000000
27.000000
0.000050
42.000000
16.000000
0.255100
40.000000
6.000000
0.063350
33.000000
12.000000
0.262350
31.000000
16.000000
0.241700
24.000000
-1.000000
1.000000
16.000000
0.246950
29.000000
-1.000000
0.000000
-1.000000
1.000000
-1.000000
0.000000
5.000000
0.037950
38.000000
-1.000000
1.000000
-1.000000
0.000000
-1.000000
0.000000
19.000000
0.228000
52.000000
4.000000
0.256800
50.000000
-1.000000
1.000000
-1.000000
0.000000
-1.000000
0.000000
23.000000
0.092700
69.000000
26.000000
0.035000
62.000000
-1.000000
0.000000
24.000000
0.083150
67.000000
-1.000000
0.000000
-1.000000
1.000000
-1.000000
1.000000
28.000000
0.069650
111.000000
28.000000
0.039700
99.000000
12.000000
0.254200
97.000000
8.000000
0.050500
85.000000
-1.000000
1.000000
6.000000
0.048950
95.000000
53.000000
0.066100
93.000000
-1.000000
0.000000
-1.000000
1.000000
-1.000000
1.000000
-1.000000
1.000000
54.000000
0.024750
104.000000
-1.000000
1.000000
20.000000
0.051650
109.000000
-1.000000
0.000000
-1.000000
1.000000
-1.000000
1.000000
138.000000
36.000000
0.026150
76.000000
14.000000
0.264750
44.000000
48.000000
0.001700
42.000000
17.000000
0.258450
35.000000
39.000000
0.000550
33.000000
1.000000
0.149150
21.000000
-1.000000
0.000000
16.000000
0.239050
26.000000
-1.000000
0.000000
28.000000
0.000200
31.000000
-1.000000
1.000000
-1.000000
0.000000
-1.000000
0.000000
4.000000
0.341250
40.000000
-1.000000
0.000000
-1.000000
1.000000
-1.000000
1.000000
19.000000
0.225300
59.000000
14.000000
0.344150
57.000000
14.000000
0.291350
55.000000
-1.000000
1.000000
-1.000000
0.000000
-1.000000
1.000000
11.000000
0.010700
74.000000
0.000000
0.025400
72.000000
13.000000
0.279800
70.000000
-1.000000
1.000000
-1.000000
0.000000
-1.000000
0.000000
-1.000000
0.000000
38.000000
0.034200
96.000000
27.000000
0.025950
84.000000
-1.000000
0.000000
5.000000
0.141800
94.000000
28.000000
0.202300
92.000000
-1.000000
0.000000
-1.000000
1.000000
-1.000000
1.000000
34.000000
0.103600
136.000000
4.000000
0.363050
129.000000
18.000000
0.228750
122.000000
15.000000
0.062850
110.000000
-1.000000
1.000000
12.000000
0.175650
115.000000
-1.000000
1.000000
41.000000
0.018600
120.000000
-1.000000
0.000000
-1.000000
1.000000
42.000000
0.062800
127.000000
-1.000000
0.000000
-1.000000
1.000000
28.000000
0.079100
134.000000
-1.000000
0.000000
-1.000000
1.000000
-1.000000
1.000000
133.000000
19.000000
0.220950
71.000000
26.000000
0.055000
69.000000
16.000000
0.180550
42.000000
1.000000
0.084900
25.000000
24.000000
0.086650
23.000000
2.000000
0.533950
21.000000
-1.000000
1.000000
-1.000000
0.000000
-1.000000
1.000000
11.000000
0.025200
40.000000
3.000000
0.210300
33.000000
-1.000000
1.000000
55.000000
0.054350
38.000000
-1.000000
0.000000
-1.000000
1.000000
-1.000000
1.000000
11.000000
0.041300
47.000000
-1.000000
0.000000
2.000000
0.515250
57.000000
5.000000
0.066250
55.000000
-1.000000
1.000000
-1.000000
0.000000
8.000000
0.125050
67.000000
2.000000
0.534300
65.000000
-1.000000
0.000000
-1.000000
1.000000
-1.000000
0.000000
-1.000000
1.000000
2.000000
0.543200
101.000000
7.000000
0.085350
84.000000
18.000000
0.184250
82.000000
-1.000000
0.000000
-1.000000
1.000000
10.000000
0.083150
99.000000
11.000000
0.042800
97.000000
14.000000
0.236600
95.000000
-1.000000
1.000000
-1.000000
0.000000
-1.000000
0.000000
-1.000000
0.000000
19.000000
0.248250
116.000000
38.000000
0.036950
109.000000
-1.000000
0.000000
3.000000
0.323700
114.000000
-1.000000
0.000000
-1.000000
1.000000
16.000000
0.194150
121.000000
-1.000000
0.000000
15.000000
0.155250
126.000000
-1.000000
0.000000
1.000000
0.057800
131.000000
-1.000000
0.000000
-1.000000
1.000000
173.000000
33.000000
0.025900
86.000000
4.000000
0.311800
54.000000
13.000000
0.265000
27.000000
38.000000
0.032650
25.000000
27.000000
0.007500
18.000000
-1.000000
0.000000
7.000000
0.147250
23.000000
-1.000000
0.000000
-1.000000
1.000000
-1.000000
1.000000
17.000000
0.228950
52.000000
35.000000
0.000100
50.000000
10.000000
0.024200
48.000000
18.000000
0.225100
46.000000
13.000000
0.271350
44.000000
-1.000000
0.000000
-1.000000
1.000000
-1.000000
0.000000
-1.000000
0.000000
-1.000000
0.000000
-1.000000
0.000000
29.000000
0.000200
84.000000
16.000000
0.085150
62.000000
-1.000000
1.000000
8.000000
0.023600
67.000000
-1.000000
1.000000
5.000000
0.009800
72.000000
-1.000000
1.000000
4.000000
0.336250
77.000000
-1.000000
0.000000
13.000000
0.302200
82.000000
-1.000000
1.000000
-1.000000
0.000000
-1.000000
0.000000
33.000000
0.042400
101.000000
11.000000
0.030650
94.000000
-1.000000
0.000000
18.000000
0.158050
99.000000
-1.000000
1.000000
-1.000000
0.000000
28.000000
0.019100
126.000000
18.000000
0.158050
109.000000
-1.000000
1.000000
42.000000
0.029300
114.000000
-1.000000
0.000000
30.000000
0.019450
124.000000
22.000000
0.207650
122.000000
-1.000000
0.000000
-1.000000
1.000000
-1.000000
1.000000
23.000000
0.085050
151.000000
39.000000
0.063000
134.000000
-1.000000
0.000000
33.000000
0.082800
149.000000
32.000000
0.073650
147.000000
17.000000
0.120650
145.000000
-1.000000
1.000000
-1.000000
0.000000
-1.000000
0.000000
-1.000000
1.000000
9.000000
0.082800
171.000000
20.000000
0.051650
169.000000
4.000000
0.330950
162.000000
-1.000000
1.000000
18.000000
0.275950
167.000000
-1.000000
1.000000
-1.000000
0.000000
-1.000000
1.000000
-1.000000
1.000000
143.000000
7.000000
0.054100
81.000000
40.000000
0.005850
59.000000
50.000000
0.000050
32.000000
13.000000
0.233600
15.000000
-1.000000
1.000000
6.000000
0.062950
20.000000
-1.000000
0.000000
12.000000
0.237550
25.000000
-1.000000
1.000000
19.000000
0.273350
30.000000
-1.000000
0.000000
-1.000000
1.000000
19.000000
0.160250
47.000000
36.000000
0.045900
40.000000
-1.000000
1.000000
49.000000
0.023650
45.000000
-1.000000
0.000000
-1.000000
1.000000
9.000000
0.131400
52.000000
-1.000000
0.000000
2.000000
0.518300
57.000000
-1.000000
1.000000
-1.000000
0.000000
22.000000
0.235100
79.000000
22.000000
0.218500
77.000000
33.000000
0.076450
75.000000
24.000000
0.081750
73.000000
-1.000000
0.000000
-1.000000
1.000000
-1.000000
0.000000
-1.000000
1.000000
-1.000000
1.000000
38.000000
0.042650
141.000000
6.000000
0.043100
119.000000
17.000000
0.254300
107.000000
25.000000
0.011850
95.000000
-1.000000
0.000000
36.000000
0.021550
100.000000
-1.000000
0.000000
27.000000
0.042350
105.000000
-1.000000
0.000000
-1.000000
1.000000
13.000000
0.342250
112.000000
-1.000000
0.000000
15.000000
0.075850
117.000000
-1.000000
0.000000
-1.000000
1.000000
12.000000
0.212250
129.000000
19.000000
0.182100
127.000000
-1.000000
1.000000
-1.000000
0.000000
23.000000
0.000150
139.000000
5.000000
0.035000
137.000000
-1.000000
1.000000
-1.000000
0.000000
-1.000000
0.000000
-1.000000
1.000000
103.000000
4.000000
0.283750
61.000000
9.000000
0.159350
49.000000
28.000000
0.010100
37.000000
31.000000
0.000450
30.000000
3.000000
0.282900
28.000000
12.000000
0.266250
26.000000
27.000000
0.018600
24.000000
-1.000000
0.000000
-1.000000
1.000000
-1.000000
1.000000
-1.000000
0.000000
18.000000
0.185200
35.000000
-1.000000
1.000000
-1.000000
0.000000
35.000000
0.046850
47.000000
35.000000
0.029550
45.000000
-1.000000
0.000000
-1.000000
1.000000
-1.000000
1.000000
4.000000
0.202150
54.000000
-1.000000
1.000000
24.000000
0.063650
59.000000
-1.000000
0.000000
-1.000000
1.000000
10.000000
0.072700
96.000000
30.000000
0.000150
74.000000
12.000000
0.243600
72.000000
-1.000000
1.000000
-1.000000
0.000000
17.000000
0.241350
79.000000
-1.000000
0.000000
16.000000
0.170850
94.000000
23.000000
0.086950
87.000000
-1.000000
0.000000
56.000000
0.021800
92.000000
-1.000000
0.000000
-1.000000
1.000000
-1.000000
0.000000
16.000000
0.266800
101.000000
-1.000000
1.000000
-1.000000
0.000000
108.000000
22.000000
0.071800
56.000000
23.000000
0.017050
44.000000
17.000000
0.246250
27.000000
29.000000
0.000050
25.000000
0.000000
0.038250
23.000000
11.000000
0.007500
21.000000
-1.000000
1.000000
-1.000000
0.000000
-1.000000
0.000000
-1.000000
0.000000
8.000000
0.138550
42.000000
3.000000
0.189400
40.000000
6.000000
0.025150
38.000000
-1.000000
0.000000
-1.000000
1.000000
-1.000000
0.000000
-1.000000
1.000000
12.000000
0.253100
54.000000
24.000000
0.015500
52.000000
-1.000000
1.000000
-1.000000
0.000000
-1.000000
0.000000
6.000000
0.057350
106.000000
18.000000
0.171450
79.000000
13.000000
0.193350
67.000000
-1.000000
1.000000
28.000000
0.027300
72.000000
-1.000000
1.000000
25.000000
0.014100
77.000000
-1.000000
0.000000
-1.000000
1.000000
47.000000
0.004900
94.000000
28.000000
0.032000
87.000000
-1.000000
0.000000
45.000000
0.000700
92.000000
-1.000000
1.000000
-1.000000
0.000000
51.000000
0.006150
99.000000
-1.000000
0.000000
36.000000
0.057350
104.000000
-1.000000
0.000000
-1.000000
1.000000
-1.000000
1.000000
163.000000
20.000000
0.034450
126.000000
18.000000
0.198100
24.000000
19.000000
0.204950
12.000000
-1.000000
1.000000
1.000000
0.068850
17.000000
-1.000000
1.000000
22.000000
0.127250
22.000000
-1.000000
0.000000
-1.000000
1.000000
0.000000
0.028750
54.000000
9.000000
0.061750
32.000000
-1.000000
0.000000
5.000000
0.017700
42.000000
30.000000
0.004400
40.000000
-1.000000
0.000000
-1.000000
1.000000
9.000000
0.084200
47.000000
-1.000000
1.000000
24.000000
0.000100
52.000000
-1.000000
1.000000
-1.000000
0.000000
13.000000
0.309100
99.000000
10.000000
0.042600
82.000000
18.000000
0.228200
65.000000
-1.000000
0.000000
7.000000
0.062750
80.000000
7.000000
0.052250
73.000000
-1.000000
0.000000
14.000000
0.263500
78.000000
-1.000000
0.000000
-1.000000
1.000000
-1.000000
0.000000
6.000000
0.102250
87.000000
-1.000000
0.000000
19.000000
0.116100
92.000000
-1.000000
1.000000
12.000000
0.191250
97.000000
-1.000000
1.000000
-1.000000
0.000000
9.000000
0.057850
114.000000
0.000000
0.084800
112.000000
7.000000
0.075050
110.000000
-1.000000
0.000000
-1.000000
1.000000
-1.000000
0.000000
3.000000
0.213250
124.000000
11.000000
0.063950
122.000000
-1.000000
1.000000
-1.000000
0.000000
-1.000000
1.000000
51.000000
0.008550
146.000000
21.000000
0.032950
134.000000
-1.000000
1.000000
18.000000
0.220550
139.000000
-1.000000
1.000000
7.000000
0.110050
144.000000
-1.000000
1.000000
-1.000000
0.000000
59.000000
0.043300
161.000000
24.000000
0.103350
154.000000
-1.000000
1.000000
11.000000
0.007450
159.000000
-1.000000
0.000000
-1.000000
1.000000
-1.000000
1.000000
163.000000
39.000000
0.001700
56.000000
4.000000
0.336250
44.000000
4.000000
0.274650
12.000000
-1.000000
0.000000
9.000000
0.095250
32.000000
14.000000
0.275050
20.000000
-1.000000
0.000000
18.000000
0.225950
30.000000
14.000000
0.280300
28.000000
-1.000000
1.000000
-1.000000
0.000000
-1.000000
0.000000
32.000000
0.000100
42.000000
8.000000
0.150500
40.000000
-1.000000
0.000000
-1.000000
1.000000
-1.000000
0.000000
15.000000
0.082750
54.000000
18.000000
0.305650
52.000000
-1.000000
0.000000
-1.000000
1.000000
-1.000000
1.000000
39.000000
0.027050
91.000000
0.000000
0.159550
79.000000
7.000000
0.044250
67.000000
-1.000000
0.000000
0.000000
0.074750
77.000000
34.000000
0.020900
75.000000
-1.000000
0.000000
-1.000000
1.000000
-1.000000
0.000000
17.000000
0.203500
89.000000
15.000000
0.067500
87.000000
-1.000000
0.000000
-1.000000
1.000000
-1.000000
0.000000
13.000000
0.229750
116.000000
59.000000
0.020450
99.000000
-1.000000
1.000000
26.000000
0.015250
114.000000
31.000000
0.013100
107.000000
-1.000000
1.000000
21.000000
0.017400
112.000000
-1.000000
0.000000
-1.000000
1.000000
-1.000000
1.000000
11.000000
0.032200
151.000000
18.000000
0.215800
134.000000
39.000000
0.069450
132.000000
3.000000
0.338600
130.000000
-1.000000
1.000000
-1.000000
0.000000
-1.000000
1.000000
30.000000
0.004900
149.000000
31.000000
0.010000
142.000000
-1.000000
0.000000
36.000000
0.057350
147.000000
-1.000000
0.000000
-1.000000
1.000000
-1.000000
0.000000
19.000000
0.168150
156.000000
-1.000000
1.000000
16.000000
0.152700
161.000000
-1.000000
0.000000
-1.000000
1.000000
133.000000
10.000000
0.012850
31.000000
9.000000
0.107300
24.000000
37.000000
0.082650
22.000000
10.000000
0.003350
20.000000
2.000000
0.494050
18.000000
-1.000000
1.000000
-1.000000
0.000000
-1.000000
0.000000
-1.000000
1.000000
5.000000
0.020750
29.000000
-1.000000
1.000000
-1.000000
0.000000
22.000000
0.069100
81.000000
7.000000
0.144250
74.000000
22.000000
0.000050
57.000000
10.000000
0.073600
55.000000
0.000000
0.028650
53.000000
2.000000
0.558050
51.000000
-1.000000
1.000000
-1.000000
0.000000
-1.000000
0.000000
-1.000000
1.000000
10.000000
0.042900
62.000000
-1.000000
0.000000
13.000000
0.265600
72.000000
56.000000
0.013700
70.000000
-1.000000
0.000000
-1.000000
1.000000
-1.000000
0.000000
16.000000
0.154850
79.000000
-1.000000
1.000000
-1.000000
0.000000
2.000000
0.546750
116.000000
19.000000
0.127950
104.000000
31.000000
0.023800
102.000000
16.000000
0.141150
100.000000
47.000000
0.021450
98.000000
-1.000000
1.000000
-1.000000
0.000000
-1.000000
1.000000
-1.000000
1.000000
22.000000
0.174950
114.000000
12.000000
0.182500
112.000000
-1.000000
1.000000
-1.000000
0.000000
-1.000000
1.000000
53.000000
0.001550
131.000000
26.000000
0.022850
129.000000
12.000000
0.245250
127.000000
-1.000000
0.000000
-1.000000
1.000000
-1.000000
1.000000
-1.000000
0.000000
138.000000
31.000000
0.005350
81.000000
22.000000
0.041300
54.000000
9.000000
0.058800
27.000000
9.000000
0.019400
25.000000
8.000000
0.009300
23.000000
15.000000
0.153950
21.000000
-1.000000
1.000000
-1.000000
0.000000
-1.000000
0.000000
-1.000000
0.000000
8.000000
0.085850
37.000000
32.000000
0.000950
35.000000
-1.000000
1.000000
-1.000000
0.000000
7.000000
0.038200
42.000000
-1.000000
0.000000
12.000000
0.232950
52.000000
0.000000
0.133900
50.000000
-1.000000
1.000000
-1.000000
0.000000
-1.000000
0.000000
37.000000
0.053850
64.000000
16.000000
0.095000
62.000000
-1.000000
1.000000
-1.000000
0.000000
28.000000
0.027600
69.000000
-1.000000
1.000000
19.000000
0.188400
79.000000
28.000000
0.036550
77.000000
-1.000000
1.000000
-1.000000
0.000000
-1.000000
1.000000
39.000000
0.033900
91.000000
19.000000
0.123650
89.000000
-1.000000
1.000000
-1.000000
0.000000
6.000000
0.021150
101.000000
3.000000
0.246500
99.000000
-1.000000
1.000000
-1.000000
0.000000
20.000000
0.034150
136.000000
48.000000
0.019800
134.000000
36.000000
0.058050
122.000000
47.000000
0.001550
115.000000
-1.000000
1.000000
40.000000
0.001800
120.000000
-1.000000
1.000000
-1.000000
0.000000
10.000000
0.016050
127.000000
-1.000000
1.000000
58.000000
0.005500
132.000000
-1.000000
1.000000
-1.000000
0.000000
-1.000000
1.000000
-1.000000
1.000000
158.000000
37.000000
0.023700
71.000000
12.000000
0.239100
39.000000
33.000000
0.003550
32.000000
5.000000
0.033250
25.000000
14.000000
0.156850
23.000000
8.000000
0.062900
21.000000
-1.000000
0.000000
-1.000000
1.000000
-1.000000
1.000000
2.000000
0.529100
30.000000
-1.000000
0.000000
-1.000000
1.000000
4.000000
0.183850
37.000000
-1.000000
1.000000
-1.000000
0.000000
2.000000
0.542450
44.000000
-1.000000
0.000000
0.000000
0.023150
69.000000
34.000000
0.028350
62.000000
5.000000
0.018200
55.000000
-1.000000
0.000000
34.000000
0.000100
60.000000
-1.000000
1.000000
-1.000000
0.000000
15.000000
0.152450
67.000000
-1.000000
1.000000
-1.000000
0.000000
-1.000000
0.000000
8.000000
0.129550
156.000000
47.000000
0.005450
114.000000
44.000000
0.000150
97.000000
7.000000
0.060550
95.000000
21.000000
0.019250
93.000000
4.000000
0.266550
91.000000
-1.000000
1.000000
-1.000000
0.000000
-1.000000
1.000000
-1.000000
1.000000
19.000000
0.174050
112.000000
13.000000
0.196650
105.000000
-1.000000
1.000000
39.000000
0.042000
110.000000
-1.000000
1.000000
-1.000000
0.000000
-1.000000
0.000000
12.000000
0.188000
134.000000
26.000000
0.045600
122.000000
-1.000000
1.000000
7.000000
0.006500
132.000000
19.000000
0.032900
130.000000
-1.000000
1.000000
-1.000000
0.000000
-1.000000
1.000000
47.000000
0.009200
139.000000
-1.000000
0.000000
56.000000
0.014900
144.000000
-1.000000
1.000000
6.000000
0.038100
154.000000
0.000000
0.059800
152.000000
-1.000000
0.000000
-1.000000
1.000000
-1.000000
1.000000
-1.000000
1.000000
108.000000
18.000000
0.214750
36.000000
19.000000
0.213050
9.000000
-1.000000
1.000000
19.000000
0.229100
24.000000
25.000000
0.006450
22.000000
3.000000
0.376950
20.000000
-1.000000
0.000000
-1.000000
1.000000
-1.000000
1.000000
3.000000
0.296300
34.000000
3.000000
0.269600
32.000000
-1.000000
1.000000
-1.000000
0.000000
-1.000000
0.000000
25.000000
0.000050
86.000000
3.000000
0.278150
79.000000
14.000000
0.212650
52.000000
10.000000
0.123350
50.000000
-1.000000
1.000000
-1.000000
0.000000
5.000000
0.026950
62.000000
9.000000
0.061950
60.000000
-1.000000
0.000000
-1.000000
1.000000
19.000000
0.230900
67.000000
-1.000000
0.000000
2.000000
0.532950
72.000000
-1.000000
0.000000
11.000000
0.015150
77.000000
-1.000000
1.000000
-1.000000
0.000000
8.000000
0.137350
84.000000
-1.000000
0.000000
-1.000000
1.000000
12.000000
0.241750
106.000000
24.000000
0.136250
104.000000
48.000000
0.014650
97.000000
-1.000000
0.000000
45.000000
0.005500
102.000000
-1.000000
1.000000
-1.000000
0.000000
-1.000000
1.000000
-1.000000
0.000000
118.000000
2.000000
0.452650
6.000000
-1.000000
1.000000
28.000000
0.000050
61.000000
13.000000
0.304450
39.000000
0.000000
0.027350
22.000000
13.000000
0.279800
20.000000
-1.000000
1.000000
-1.000000
0.000000
5.000000
0.073550
37.000000
18.000000
0.238400
30.000000
-1.000000
0.000000
3.000000
0.279950
35.000000
-1.000000
0.000000
-1.000000
1.000000
-1.000000
0.000000
13.000000
0.317400
49.000000
5.000000
0.022650
47.000000
-1.000000
1.000000
-1.000000
0.000000
18.000000
0.299650
59.000000
17.000000
0.264450
57.000000
-1.000000
0.000000
-1.000000
1.000000
-1.000000
1.000000
38.000000
0.024600
66.000000
-1.000000
0.000000
36.000000
0.036700
81.000000
36.000000
0.035750
74.000000
-1.000000
0.000000
31.000000
0.012100
79.000000
-1.000000
1.000000
-1.000000
0.000000
45.000000
0.005250
96.000000
33.000000
0.071200
94.000000
35.000000
0.063500
92.000000
-1.000000
0.000000
-1.000000
1.000000
-1.000000
1.000000
58.000000
0.021650
111.000000
0.000000
0.070950
109.000000
22.000000
0.197050
107.000000
-1.000000
0.000000
-1.000000
1.000000
-1.000000
0.000000
24.000000
0.100500
116.000000
-1.000000
0.000000
-1.000000
1.000000
138.000000
23.000000
0.028400
61.000000
11.000000
0.035750
39.000000
10.000000
0.074250
27.000000
11.000000
0.012150
25.000000
9.000000
0.076200
23.000000
9.000000
0.042950
21.000000
-1.000000
0.000000
-1.000000
1.000000
-1.000000
0.000000
-1.000000
0.000000
5.000000
0.045500
37.000000
15.000000
0.075850
35.000000
-1.000000
0.000000
-1.000000
1.000000
-1.000000
0.000000
16.000000
0.241200
49.000000
12.000000
0.228350
47.000000
-1.000000
1.000000
-1.000000
0.000000
5.000000
0.058650
59.000000
4.000000
0.318600
57.000000
-1.000000
0.000000
-1.000000
1.000000
-1.000000
0.000000
18.000000
0.229100
116.000000
6.000000
0.132800
104.000000
1.000000
0.130900
87.000000
56.000000
0.010900
85.000000
54.000000
0.000100
78.000000
-1.000000
1.000000
42.000000
0.017050
83.000000
-1.000000
0.000000
-1.000000
1.000000
-1.000000
1.000000
55.000000
0.001300
92.000000
-1.000000
1.000000
51.000000
0.004700
102.000000
4.000000
0.245650
100.000000
-1.000000
0.000000
-1.000000
1.000000
-1.000000
1.000000
9.000000
0.191200
109.000000
-1.000000
1.000000
17.000000
0.092100
114.000000
-1.000000
1.000000
-1.000000
0.000000
18.000000
0.263250
131.000000
12.000000
0.228900
129.000000
10.000000
0.058800
127.000000
-1.000000
0.000000
-1.000000
1.000000
-1.000000
0.000000
21.000000
0.092750
136.000000
-1.000000
0.000000
-1.000000
1.000000
128.000000
18.000000
0.149550
6.000000
-1.000000
1.000000
19.000000
0.208250
51.000000
6.000000
0.056050
29.000000
2.000000
0.504900
22.000000
6.000000
0.008500
20.000000
-1.000000
0.000000
-1.000000
1.000000
11.000000
0.041350
27.000000
-1.000000
0.000000
-1.000000
1.000000
19.000000
0.127400
34.000000
-1.000000
1.000000
19.000000
0.179650
39.000000
-1.000000
1.000000
19.000000
0.186850
49.000000
39.000000
0.044100
47.000000
-1.000000
0.000000
-1.000000
1.000000
-1.000000
1.000000
14.000000
0.266850
81.000000
3.000000
0.266950
79.000000
7.000000
0.085350
67.000000
5.000000
0.033050
65.000000
-1.000000
0.000000
-1.000000
1.000000
14.000000
0.232050
77.000000
15.000000
0.067000
75.000000
-1.000000
0.000000
-1.000000
1.000000
-1.000000
0.000000
-1.000000
0.000000
11.000000
0.010350
96.000000
7.000000
0.027200
94.000000
5.000000
0.019900
92.000000
-1.000000
0.000000
-1.000000
1.000000
-1.000000
0.000000
4.000000
0.296700
116.000000
31.000000
0.002950
104.000000
-1.000000
0.000000
21.000000
0.026450
109.000000
-1.000000
0.000000
20.000000
0.013650
114.000000
-1.000000
0.000000
-1.000000
1.000000
15.000000
0.198650
121.000000
-1.000000
0.000000
34.000000
0.014000
126.000000
-1.000000
1.000000
-1.000000
0.000000
138.000000
37.000000
0.024950
76.000000
24.000000
0.000050
44.000000
5.000000
0.034450
42.000000
12.000000
0.231900
30.000000
11.000000
0.047150
28.000000
11.000000
0.034050
26.000000
17.000000
0.265550
24.000000
-1.000000
1.000000
-1.000000
0.000000
-1.000000
1.000000
-1.000000
1.000000
5.000000
0.014550
35.000000
-1.000000
0.000000
0.000000
0.091450
40.000000
-1.000000
1.000000
-1.000000
0.000000
-1.000000
0.000000
7.000000
0.136450
64.000000
0.000000
0.036350
62.000000
5.000000
0.019250
55.000000
-1.000000
0.000000
18.000000
0.154650
60.000000
-1.000000
1.000000
-1.000000
0.000000
-1.000000
0.000000
10.000000
0.074200
74.000000
22.000000
0.053450
72.000000
-1.000000
0.000000
-1.000000
1.000000
-1.000000
0.000000
13.000000
0.265550
126.000000
28.000000
0.037750
94.000000
18.000000
0.180650
87.000000
-1.000000
1.000000
59.000000
0.001550
92.000000
-1.000000
1.000000
-1.000000
0.000000
45.000000
0.003600
109.000000
15.000000
0.122950
102.000000
-1.000000
1.000000
20.000000
0.013450
107.000000
-1.000000
0.000000
-1.000000
1.000000
50.000000
0.008800
124.000000
21.000000
0.070700
117.000000
-1.000000
1.000000
59.000000
0.031000
122.000000
-1.000000
1.000000
-1.000000
0.000000
-1.000000
1.000000
10.000000
0.039000
131.000000
-1.000000
0.000000
36.000000
0.053000
136.000000
-1.000000
0.000000
-1.000000
1.000000
138.000000
22.000000
0.208500
116.000000
12.000000
0.218950
49.000000
12.000000
0.182300
22.000000
37.000000
0.021050
20.000000
15.000000
0.071550
18.000000
-1.000000
0.000000
-1.000000
1.000000
-1.000000
1.000000
33.000000
0.027550
42.000000
6.000000
0.124350
40.000000
32.000000
0.001450
38.000000
15.000000
0.115150
36.000000
-1.000000
0.000000
-1.000000
1.000000
-1.000000
0.000000
-1.000000
1.000000
4.000000
0.315850
47.000000
-1.000000
1.000000
-1.000000
0.000000
2.000000
0.540850
89.000000
27.000000
0.001850
82.000000
15.000000
0.088250
75.000000
9.000000
0.088800
63.000000
-1.000000
0.000000
14.000000
0.227600
68.000000
-1.000000
0.000000
4.000000
0.296100
73.000000
-1.000000
0.000000
-1.000000
1.000000
13.000000
0.297750
80.000000
-1.000000
0.000000
-1.000000
1.000000
39.000000
0.080850
87.000000
-1.000000
0.000000
-1.000000
1.000000
2.000000
0.557350
114.000000
25.000000
0.004750
102.000000
14.000000
0.271700
100.000000
-1.000000
0.000000
-1.000000
1.000000
19.000000
0.213950
112.000000
23.000000
0.104200
110.000000
-1.000000
0.000000
-1.000000
1.000000
-1.000000
0.000000
-1.000000
0.000000
7.000000
0.025750
136.000000
55.000000
0.022050
124.000000
-1.000000
1.000000
55.000000
0.085600
134.000000
4.000000
0.387550
132.000000
-1.000000
1.000000
-1.000000
0.000000
-1.000000
1.000000
-1.000000
1.000000
203.000000
31.000000
0.005350
126.000000
51.000000
0.000050
119.000000
11.000000
0.012650
52.000000
6.000000
0.035600
35.000000
3.000000
0.322700
33.000000
18.000000
0.229050
26.000000
19.000000
0.265500
24.000000
-1.000000
1.000000
-1.000000
0.000000
9.000000
0.004450
31.000000
-1.000000
0.000000
-1.000000
1.000000
-1.000000
1.000000
33.000000
0.000250
50.000000
0.000000
0.014800
43.000000
-1.000000
0.000000
7.000000
0.028250
48.000000
-1.000000
1.000000
-1.000000
0.000000
-1.000000
0.000000
0.000000
0.092900
87.000000
6.000000
0.103600
75.000000
12.000000
0.261150
73.000000
8.000000
0.132800
66.000000
-1.000000
0.000000
7.000000
0.042350
71.000000
-1.000000
0.000000
-1.000000
1.000000
-1.000000
0.000000
6.000000
0.139350
85.000000
29.000000
0.010600
83.000000
-1.000000
0.000000
-1.000000
1.000000
-1.000000
1.000000
7.000000
0.100750
97.000000
16.000000
0.143700
95.000000
-1.000000
0.000000
-1.000000
1.000000
37.000000
0.000150
117.000000
18.000000
0.230800
105.000000
-1.000000
0.000000
16.000000
0.261500
115.000000
13.000000
0.207650
113.000000
-1.000000
1.000000
-1.000000
0.000000
-1.000000
0.000000
-1.000000
0.000000
37.000000
0.068900
124.000000
-1.000000
0.000000
-1.000000
1.000000
38.000000
0.025800
156.000000
7.000000
0.093600
149.000000
24.000000
0.026600
137.000000
-1.000000
0.000000
37.000000
0.022050
147.000000
26.000000
0.024150
145.000000
-1.000000
0.000000
-1.000000
1.000000
-1.000000
0.000000
38.000000
0.019450
154.000000
-1.000000
0.000000
-1.000000
1.000000
56.000000
0.016050
201.000000
12.000000
0.265850
194.000000
38.000000
0.059650
182.000000
20.000000
0.031800
180.000000
19.000000
0.169350
178.000000
56.000000
0.012500
176.000000
-1.000000
1.000000
-1.000000
0.000000
-1.000000
0.000000
-1.000000
1.000000
5.000000
0.009450
192.000000
54.000000
0.023300
190.000000
-1.000000
1.000000
-1.000000
0.000000
-1.000000
1.000000
24.000000
0.078300
199.000000
-1.000000
0.000000
-1.000000
1.000000
-1.000000
1.000000
153.000000
2.000000
0.533250
111.000000
9.000000
0.147050
84.000000
29.000000
0.049600
67.000000
0.000000
0.157500
55.000000
25.000000
0.008250
33.000000
7.000000
0.125950
31.000000
15.000000
0.079600
29.000000
32.000000
0.004300
27.000000
-1.000000
1.000000
-1.000000
0.000000
-1.000000
1.000000
-1.000000
0.000000
10.000000
0.031250
38.000000
-1.000000
1.000000
33.000000
0.109950
53.000000
19.000000
0.134550
46.000000
-1.000000
1.000000
47.000000
0.000950
51.000000
-1.000000
1.000000
-1.000000
0.000000
-1.000000
1.000000
7.000000
0.150050
65.000000
29.000000
0.012200
63.000000
-1.000000
0.000000
-1.000000
1.000000
-1.000000
0.000000
21.000000
0.093650
82.000000
47.000000
0.003100
75.000000
-1.000000
1.000000
3.000000
0.270650
80.000000
-1.000000
0.000000
-1.000000
1.000000
-1.000000
1.000000
18.000000
0.132250
89.000000
-1.000000
1.000000
21.000000
0.097000
109.000000
10.000000
0.043150
97.000000
-1.000000
0.000000
6.000000
0.117800
102.000000
-1.000000
1.000000
14.000000
0.187800
107.000000
-1.000000
1.000000
-1.000000
0.000000
-1.000000
1.000000
36.000000
0.037250
146.000000
25.000000
0.000050
144.000000
3.000000
0.286100
142.000000
0.000000
0.035800
130.000000
6.000000
0.079600
128.000000
-1.000000
1.000000
-1.000000
0.000000
12.000000
0.266050
140.000000
14.000000
0.253450
138.000000
-1.000000
1.000000
-1.000000
0.000000
-1.000000
0.000000
-1.000000
0.000000
-1.000000
0.000000
54.000000
0.001600
151.000000
-1.000000
1.000000
-1.000000
0.000000
148.000000
56.000000
0.000050
81.000000
36.000000
0.001000
49.000000
17.000000
0.227850
22.000000
3.000000
0.280000
20.000000
12.000000
0.275050
18.000000
-1.000000
0.000000
-1.000000
1.000000
-1.000000
0.000000
9.000000
0.058850
37.000000
10.000000
0.070250
30.000000
-1.000000
0.000000
7.000000
0.133950
35.000000
-1.000000
1.000000
-1.000000
0.000000
17.000000
0.253350
47.000000
19.000000
0.215450
45.000000
-1.000000
1.000000
-1.000000
0.000000
-1.000000
1.000000
13.000000
0.264400
69.000000
14.000000
0.262450
67.000000
20.000000
0.029100
65.000000
41.000000
0.001200
63.000000
-1.000000
0.000000
-1.000000
1.000000
-1.000000
1.000000
-1.000000
1.000000
18.000000
0.210400
79.000000
30.000000
0.000450
77.000000
-1.000000
1.000000
-1.000000
0.000000
-1.000000
0.000000
39.000000
0.036900
91.000000
48.000000
0.016050
89.000000
-1.000000
0.000000
-1.000000
1.000000
39.000000
0.062450
116.000000
51.000000
0.003250
109.000000
58.000000
0.001700
107.000000
1.000000
0.175350
105.000000
-1.000000
1.000000
-1.000000
0.000000
-1.000000
0.000000
49.000000
0.007650
114.000000
-1.000000
0.000000
-1.000000
1.000000
15.000000
0.043600
121.000000
-1.000000
1.000000
34.000000
0.086100
131.000000
45.000000
0.045000
129.000000
-1.000000
0.000000
-1.000000
1.000000
45.000000
0.016950
136.000000
-1.000000
1.000000
51.000000
0.011650
141.000000
-1.000000
1.000000
8.000000
0.089400
146.000000
-1.000000
0.000000
-1.000000
1.000000
88.000000
18.000000
0.149550
6.000000
-1.000000
1.000000
24.000000
0.083550
71.000000
19.000000
0.246600
54.000000
3.000000
0.245150
32.000000
7.000000
0.092050
20.000000
-1.000000
1.000000
9.000000
0.050250
25.000000
-1.000000
0.000000
5.000000
0.066250
30.000000
-1.000000
1.000000
-1.000000
0.000000
3.000000
0.265050
37.000000
-1.000000
0.000000
45.000000
0.000100
52.000000
8.000000
0.168300
45.000000
-1.000000
0.000000
39.000000
0.001950
50.000000
-1.000000
1.000000
-1.000000
0.000000
-1.000000
0.000000
33.000000
0.000100
69.000000
14.000000
0.275900
62.000000
-1.000000
0.000000
2.000000
0.558050
67.000000
-1.000000
1.000000
-1.000000
0.000000
-1.000000
0.000000
6.000000
0.054350
86.000000
53.000000
0.014200
79.000000
-1.000000
1.000000
13.000000
0.181750
84.000000
-1.000000
1.000000
-1.000000
0.000000
-1.000000
1.000000
163.000000
33.000000
0.088600
146.000000
26.000000
0.026050
114.000000
0.000000
0.082200
52.000000
19.000000
0.273100
40.000000
11.000000
0.021900
33.000000
3.000000
0.301100
31.000000
16.000000
0.195950
24.000000
-1.000000
0.000000
5.000000
0.030900
29.000000
-1.000000
0.000000
-1.000000
1.000000
-1.000000
0.000000
12.000000
0.216950
38.000000
-1.000000
1.000000
-1.000000
0.000000
9.000000
0.057000
45.000000
-1.000000
0.000000
28.000000
0.005650
50.000000
-1.000000
1.000000
-1.000000
0.000000
32.000000
0.000100
87.000000
6.000000
0.087800
70.000000
4.000000
0.323500
63.000000
-1.000000
0.000000
6.000000
0.039400
68.000000
-1.000000
0.000000
-1.000000
1.000000
11.000000
0.104850
85.000000
3.000000
0.213250
78.000000
-1.000000
0.000000
11.000000
0.040550
83.000000
-1.000000
0.000000
-1.000000
1.000000
-1.000000
1.000000
9.000000
0.050800
102.000000
36.000000
0.020600
95.000000
-1.000000
0.000000
32.000000
0.067100
100.000000
-1.000000
0.000000
-1.000000
1.000000
5.000000
0.095350
107.000000
-1.000000
0.000000
13.000000
0.192050
112.000000
-1.000000
1.000000
-1.000000
0.000000
7.000000
0.036400
129.000000
19.000000
0.205100
122.000000
-1.000000
1.000000
29.000000
0.016200
127.000000
-1.000000
1.000000
-1.000000
0.000000
23.000000
0.027150
134.000000
-1.000000
1.000000
6.000000
0.059950
144.000000
19.000000
0.154000
142.000000
-1.000000
1.000000
-1.000000
0.000000
-1.000000
1.000000
26.000000
0.064300
151.000000
-1.000000
1.000000
0.000000
0.011600
161.000000
41.000000
0.121800
159.000000
-1.000000
0.000000
-1.000000
1.000000
-1.000000
1.000000
163.000000
3.000000
0.307100
126.000000
48.000000
0.007100
114.000000
4.000000
0.320150
77.000000
13.000000
0.268450
45.000000
51.000000
0.000100
38.000000
19.000000
0.236950
31.000000
9.000000
0.154400
29.000000
36.000000
0.013500
27.000000
-1.000000
0.000000
-1.000000
1.000000
-1.000000
1.000000
8.000000
0.059150
36.000000
-1.000000
1.000000
-1.000000
0.000000
2.000000
0.475400
43.000000
-1.000000
1.000000
-1.000000
0.000000
24.000000
0.000050
75.000000
16.000000
0.242100
73.000000
13.000000
0.295750
66.000000
0.000000
0.030250
64.000000
2.000000
0.558050
62.000000
-1.000000
1.000000
-1.000000
0.000000
-1.000000
0.000000
3.000000
0.255500
71.000000
-1.000000
1.000000
-1.000000
0.000000
-1.000000
0.000000
-1.000000
0.000000
3.000000
0.248300
102.000000
15.000000
0.226400
100.000000
18.000000
0.305650
98.000000
28.000000
0.008900
96.000000
8.000000
0.026750
94.000000
-1.000000
1.000000
-1.000000
0.000000
-1.000000
0.000000
-1.000000
1.000000
-1.000000
1.000000
7.000000
0.059200
107.000000
-1.000000
0.000000
9.000000
0.085050
112.000000
-1.000000
0.000000
-1.000000
1.000000
1.000000
0.096000
124.000000
17.000000
0.188250
122.000000
-1.000000
1.000000
-1.000000
0.000000
-1.000000
1.000000
29.000000
0.014200
136.000000
35.000000
0.026800
134.000000
-1.000000
0.000000
-1.000000
1.000000
33.000000
0.073650
161.000000
42.000000
0.002500
149.000000
2.000000
0.558000
147.000000
-1.000000
1.000000
-1.000000
0.000000
7.000000
0.040850
154.000000
-1.000000
0.000000
55.000000
0.020300
159.000000
-1.000000
0.000000
-1.000000
1.000000
-1.000000
1.000000
163.000000
21.000000
0.043000
141.000000
14.000000
0.231900
54.000000
12.000000
0.236950
47.000000
15.000000
0.039350
25.000000
20.000000
0.006950
18.000000
-1.000000
0.000000
29.000000
0.036250
23.000000
-1.000000
0.000000
-1.000000
1.000000
11.000000
0.017950
35.000000
19.000000
0.133550
33.000000
-1.000000
1.000000
-1.000000
0.000000
17.000000
0.283200
45.000000
5.000000
0.030850
43.000000
-1.000000
1.000000
-1.000000
0.000000
-1.000000
1.000000
24.000000
0.100900
52.000000
-1.000000
0.000000
-1.000000
1.000000
19.000000
0.229500
89.000000
13.000000
0.281800
87.000000
17.000000
0.195850
80.000000
4.000000
0.242350
68.000000
-1.000000
1.000000
13.000000
0.268700
78.000000
19.000000
0.216700
76.000000
-1.000000
0.000000
-1.000000
1.000000
-1.000000
1.000000
6.000000
0.028750
85.000000
-1.000000
0.000000
-1.000000
1.000000
-1.000000
0.000000
33.000000
0.000150
119.000000
17.000000
0.233700
112.000000
2.000000
0.557950
110.000000
17.000000
0.223350
108.000000
14.000000
0.254700
106.000000
-1.000000
0.000000
-1.000000
1.000000
-1.000000
0.000000
-1.000000
0.000000
12.000000
0.249600
117.000000
-1.000000
1.000000
-1.000000
0.000000
13.000000
0.268550
139.000000
7.000000
0.086200
137.000000
26.000000
0.006050
135.000000
56.000000
0.001400
133.000000
-1.000000
1.000000
-1.000000
0.000000
-1.000000
0.000000
-1.000000
0.000000
-1.000000
0.000000
25.000000
0.021400
161.000000
5.000000
0.021350
149.000000
-1.000000
1.000000
9.000000
0.093600
159.000000
1.000000
0.110600
157.000000
-1.000000
0.000000
-1.000000
1.000000
-1.000000
1.000000
-1.000000
1.000000
153.000000
13.000000
0.265000
86.000000
0.000000
0.086700
64.000000
46.000000
0.002800
47.000000
3.000000
0.341550
40.000000
7.000000
0.033300
23.000000
4.000000
0.256400
21.000000
-1.000000
0.000000
-1.000000
1.000000
4.000000
0.260050
28.000000
-1.000000
1.000000
18.000000
0.248900
38.000000
39.000000
0.010900
36.000000
-1.000000
1.000000
-1.000000
0.000000
-1.000000
0.000000
3.000000
0.376950
45.000000
-1.000000
0.000000
-1.000000
1.000000
2.000000
0.491550
52.000000
-1.000000
1.000000
12.000000
0.201550
62.000000
13.000000
0.241250
60.000000
-1.000000
1.000000
-1.000000
0.000000
-1.000000
1.000000
51.000000
0.003750
84.000000
5.000000
0.115150
72.000000
-1.000000
1.000000
32.000000
0.004450
77.000000
-1.000000
0.000000
18.000000
0.109500
82.000000
-1.000000
1.000000
-1.000000
0.000000
-1.000000
1.000000
2.000000
0.551500
131.000000
40.000000
0.000250
124.000000
13.000000
0.281550
102.000000
22.000000
0.104750
100.000000
-1.000000
0.000000
-1.000000
1.000000
15.000000
0.080400
117.000000
17.000000
0.249700
110.000000
-1.000000
0.000000
15.000000
0.067200
115.000000
-1.000000
0.000000
-1.000000
1.000000
18.000000
0.249500
122.000000
-1.000000
0.000000
-1.000000
1.000000
2.000000
0.493500
129.000000
-1.000000
1.000000
-1.000000
0.000000
10.000000
0.009700
136.000000
-1.000000
0.000000
34.000000
0.000450
151.000000
7.000000
0.039550
149.000000
19.000000
0.273350
147.000000
-1.000000
0.000000
-1.000000
1.000000
-1.000000
0.000000
-1.000000
0.000000
128.000000
16.000000
0.213500
96.000000
52.000000
0.000100
54.000000
17.000000
0.229150
47.000000
30.000000
0.003200
35.000000
16.000000
0.197250
28.000000
17.000000
0.197550
26.000000
4.000000
0.267300
24.000000
-1.000000
0.000000
-1.000000
1.000000
-1.000000
0.000000
15.000000
0.198550
33.000000
-1.000000
0.000000
-1.000000
1.000000
39.000000
0.030150
45.000000
0.000000
0.109850
43.000000
-1.000000
0.000000
-1.000000
1.000000
-1.000000
1.000000
12.000000
0.225650
52.000000
-1.000000
1.000000
-1.000000
0.000000
32.000000
0.066150
69.000000
28.000000
0.027650
62.000000
-1.000000
0.000000
56.000000
0.004550
67.000000
-1.000000
1.000000
-1.000000
0.000000
4.000000
0.297650
74.000000
-1.000000
1.000000
18.000000
0.217850
79.000000
-1.000000
1.000000
16.000000
0.159050
89.000000
12.000000
0.152050
87.000000
-1.000000
1.000000
-1.000000
0.000000
22.000000
0.198300
94.000000
-1.000000
0.000000
-1.000000
1.000000
6.000000
0.046000
111.000000
18.000000
0.263100
104.000000
-1.000000
0.000000
17.000000
0.301050
109.000000
-1.000000
0.000000
-1.000000
1.000000
11.000000
0.043500
126.000000
11.000000
0.040350
119.000000
-1.000000
0.000000
5.000000
0.036800
124.000000
-1.000000
1.000000
-1.000000
0.000000
-1.000000
0.000000
168.000000
40.000000
0.000050
81.000000
12.000000
0.233150
24.000000
10.000000
0.106050
12.000000
-1.000000
1.000000
12.000000
0.177600
22.000000
6.000000
0.019900
20.000000
-1.000000
0.000000
-1.000000
1.000000
-1.000000
0.000000
10.000000
0.015400
29.000000
-1.000000
0.000000
10.000000
0.078400
69.000000
18.000000
0.229700
67.000000
30.000000
0.002450
50.000000
2.000000
0.556200
48.000000
19.000000
0.272300
46.000000
-1.000000
0.000000
-1.000000
1.000000
-1.000000
0.000000
2.000000
0.536000
60.000000
22.000000
0.127700
58.000000
-1.000000
0.000000
-1.000000
1.000000
32.000000
0.056000
65.000000
-1.000000
0.000000
-1.000000
1.000000
-1.000000
0.000000
26.000000
0.007400
74.000000
-1.000000
0.000000
26.000000
0.022900
79.000000
-1.000000
0.000000
-1.000000
1.000000
16.000000
0.130550
121.000000
33.000000
0.052200
99.000000
35.000000
0.080350
97.000000
15.000000
0.105300
95.000000
-1.000000
1.000000
-1.000000
0.000000
-1.000000
1.000000
21.000000
0.083200
119.000000
24.000000
0.120800
117.000000
21.000000
0.025850
110.000000
-1.000000
0.000000
41.000000
0.055000
115.000000
-1.000000
0.000000
-1.000000
1.000000
-1.000000
1.000000
-1.000000
1.000000
40.000000
0.008750
151.000000
19.000000
0.160250
139.000000
14.000000
0.209750
132.000000
-1.000000
1.000000
1.000000
0.080100
137.000000
-1.000000
0.000000
-1.000000
1.000000
38.000000
0.039100
144.000000
-1.000000
0.000000
13.000000
0.257000
149.000000
-1.000000
1.000000
-1.000000
0.000000
31.000000
0.025550
166.000000
48.000000
0.023450
159.000000
-1.000000
1.000000
14.000000
0.189550
164.000000
-1.000000
0.000000
-1.000000
1.000000
-1.000000
1.000000
143.000000
23.000000
0.116050
141.000000
12.000000
0.208450
39.000000
33.000000
0.073150
27.000000
17.000000
0.245900
15.000000
-1.000000
1.000000
10.000000
0.123350
25.000000
47.000000
0.000900
23.000000
-1.000000
1.000000
-1.000000
0.000000
-1.000000
0.000000
48.000000
0.032150
32.000000
-1.000000
1.000000
2.000000
0.466500
37.000000
-1.000000
1.000000
-1.000000
0.000000
13.000000
0.263900
79.000000
10.000000
0.023350
52.000000
24.000000
0.017650
50.000000
-1.000000
1.000000
-1.000000
0.000000
36.000000
0.010950
57.000000
-1.000000
0.000000
14.000000
0.179400
67.000000
14.000000
0.088600
65.000000
-1.000000
1.000000
-1.000000
0.000000
25.000000
0.009800
72.000000
-1.000000
0.000000
25.000000
0.012650
77.000000
-1.000000
1.000000
-1.000000
0.000000
18.000000
0.242500
114.000000
10.000000
0.012450
97.000000
4.000000
0.281900
95.000000
1.000000
0.087150
93.000000
-1.000000
0.000000
-1.000000
1.000000
-1.000000
0.000000
4.000000
0.279350
112.000000
37.000000
0.000450
110.000000
23.000000
0.000200
108.000000
-1.000000
1.000000
-1.000000
0.000000
-1.000000
0.000000
-1.000000
0.000000
13.000000
0.324400
134.000000
17.000000
0.255150
122.000000
-1.000000
0.000000
45.000000
0.000100
132.000000
17.000000
0.259050
130.000000
-1.000000
1.000000
-1.000000
0.000000
-1.000000
0.000000
1.000000
0.014000
139.000000
-1.000000
1.000000
-1.000000
0.000000
-1.000000
1.000000
158.000000
25.000000
0.008250
86.000000
37.000000
0.012650
69.000000
3.000000
0.249450
27.000000
3.000000
0.218850
20.000000
10.000000
0.123350
18.000000
-1.000000
1.000000
-1.000000
0.000000
4.000000
0.319750
25.000000
-1.000000
0.000000
-1.000000
1.000000
4.000000
0.300400
52.000000
3.000000
0.277300
50.000000
18.000000
0.222450
48.000000
4.000000
0.274650
41.000000
-1.000000
0.000000
14.000000
0.250250
46.000000
-1.000000
0.000000
-1.000000
1.000000
-1.000000
0.000000
-1.000000
0.000000
31.000000
0.000100
67.000000
15.000000
0.203150
60.000000
-1.000000
0.000000
19.000000
0.226600
65.000000
-1.000000
1.000000
-1.000000
0.000000
-1.000000
0.000000
13.000000
0.228150
74.000000
-1.000000
1.000000
56.000000
0.000950
84.000000
3.000000
0.299700
82.000000
-1.000000
0.000000
-1.000000
1.000000
-1.000000
0.000000
12.000000
0.210550
126.000000
58.000000
0.015750
109.000000
58.000000
0.005750
97.000000
-1.000000
1.000000
5.000000
0.033200
102.000000
-1.000000
1.000000
38.000000
0.034250
107.000000
-1.000000
1.000000
-1.000000
0.000000
31.000000
0.020450
114.000000
-1.000000
1.000000
27.000000
0.045800
124.000000
20.000000
0.036800
122.000000
-1.000000
1.000000
-1.000000
0.000000
-1.000000
1.000000
58.000000
0.009950
136.000000
33.000000
0.061000
134.000000
-1.000000
0.000000
-1.000000
1.000000
19.000000
0.105600
141.000000
-1.000000
1.000000
51.000000
0.003850
151.000000
53.000000
0.016800
149.000000
-1.000000
0.000000
-1.000000
1.000000
19.000000
0.146250
156.000000
-1.000000
0.000000
-1.000000
1.000000
178.000000
41.000000
0.008350
126.000000
29.000000
0.020250
99.000000
17.000000
0.243250
62.000000
46.000000
0.000050
50.000000
13.000000
0.278950
48.000000
39.000000
0.019100
31.000000
7.000000
0.022050
29.000000
13.000000
0.276100
27.000000
-1.000000
0.000000
-1.000000
1.000000
-1.000000
0.000000
0.000000
0.067550
46.000000
8.000000
0.041900
44.000000
36.000000
0.044650
42.000000
-1.000000
0.000000
-1.000000
1.000000
-1.000000
0.000000
-1.000000
1.000000
-1.000000
0.000000
17.000000
0.223900
60.000000
2.000000
0.482850
58.000000
-1.000000
1.000000
-1.000000
0.000000
-1.000000
0.000000
10.000000
0.062200
82.000000
6.000000
0.043350
70.000000
-1.000000
0.000000
46.000000
0.002550
80.000000
16.000000
0.152000
78.000000
-1.000000
1.000000
-1.000000
0.000000
-1.000000
0.000000
1.000000
0.054500
92.000000
8.000000
0.013800
90.000000
-1.000000
1.000000
-1.000000
0.000000
6.000000
0.135750
97.000000
-1.000000
0.000000
-1.000000
1.000000
13.000000
0.228600
104.000000
-1.000000
1.000000
29.000000
0.063150
124.000000
27.000000
0.003550
112.000000
-1.000000
0.000000
6.000000
0.098550
122.000000
24.000000
0.068450
120.000000
-1.000000
0.000000
-1.000000
1.000000
-1.000000
1.000000
-1.000000
1.000000
16.000000
0.106700
151.000000
11.000000
0.021900
134.000000
-1.000000
1.000000
28.000000
0.079000
149.000000
4.000000
0.140700
142.000000
-1.000000
1.000000
0.000000
0.052050
147.000000
-1.000000
0.000000
-1.000000
1.000000
-1.000000
1.000000
27.000000
0.046350
176.000000
55.000000
0.026600
169.000000
7.000000
0.014450
167.000000
12.000000
0.204250
165.000000
-1.000000
1.000000
-1.000000
0.000000
-1.000000
1.000000
32.000000
0.104550
174.000000
-1.000000
0.000000
-1.000000
1.000000
-1.000000
1.000000
143.000000
14.000000
0.206450
56.000000
17.000000
0.207800
9.000000
-1.000000
1.000000
17.000000
0.272600
29.000000
54.000000
0.024900
22.000000
8.000000
0.143650
20.000000
-1.000000
0.000000
-1.000000
1.000000
15.000000
0.169700
27.000000
-1.000000
0.000000
-1.000000
1.000000
3.000000
0.183600
49.000000
10.000000
0.083700
37.000000
-1.000000
1.000000
4.000000
0.326800
42.000000
-1.000000
1.000000
17.000000
0.283200
47.000000
-1.000000
0.000000
-1.000000
1.000000
0.000000
0.063350
54.000000
-1.000000
0.000000
-1.000000
1.000000
35.000000
0.015850
106.000000
19.000000
0.231300
69.000000
16.000000
0.187500
67.000000
-1.000000
1.000000
-1.000000
0.000000
16.000000
0.225200
89.000000
16.000000
0.191900
77.000000
-1.000000
0.000000
15.000000
0.195100
82.000000
-1.000000
0.000000
32.000000
0.000750
87.000000
-1.000000
1.000000
-1.000000
0.000000
6.000000
0.025800
104.000000
1.000000
0.009300
102.000000
6.000000
0.006250
100.000000
-1.000000
0.000000
-1.000000
1.000000
-1.000000
0.000000
-1.000000
0.000000
2.000000
0.566650
141.000000
16.000000
0.186950
124.000000
40.000000
0.000300
117.000000
-1.000000
1.000000
24.000000
0.086150
122.000000
-1.000000
0.000000
-1.000000
1.000000
4.000000
0.260050
129.000000
-1.000000
1.000000
13.000000
0.284950
139.000000
53.000000
0.000400
137.000000
-1.000000
0.000000
-1.000000
1.000000
-1.000000
0.000000
-1.000000
0.000000
148.000000
24.000000
0.095750
121.000000
21.000000
0.022850
99.000000
37.000000
0.019100
72.000000
19.000000
0.231900
40.000000
5.000000
0.046500
38.000000
2.000000
0.507800
26.000000
13.000000
0.287350
24.000000
-1.000000
1.000000
-1.000000
0.000000
14.000000
0.253500
31.000000
-1.000000
1.000000
0.000000
0.071700
36.000000
-1.000000
1.000000
-1.000000
0.000000
-1.000000
0.000000
26.000000
0.000050
70.000000
6.000000
0.058950
58.000000
15.000000
0.095950
56.000000
18.000000
0.251050
54.000000
-1.000000
0.000000
-1.000000
1.000000
-1.000000
0.000000
13.000000
0.280400
68.000000
18.000000
0.211100
66.000000
-1.000000
0.000000
-1.000000
1.000000
-1.000000
0.000000
-1.000000
0.000000
29.000000
0.019250
92.000000
46.000000
0.000150
90.000000
59.000000
0.000100
88.000000
4.000000
0.266500
86.000000
-1.000000
1.000000
-1.000000
0.000000
-1.000000
0.000000
-1.000000
0.000000
13.000000
0.225350
97.000000
-1.000000
1.000000
-1.000000
0.000000
9.000000
0.063050
109.000000
34.000000
0.082050
107.000000
-1.000000
0.000000
-1.000000
1.000000
20.000000
0.029800
119.000000
24.000000
0.063650
117.000000
-1.000000
0.000000
-1.000000
1.000000
-1.000000
1.000000
2.000000
0.375000
126.000000
-1.000000
1.000000
12.000000
0.175450
146.000000
22.000000
0.226500
144.000000
38.000000
0.100750
142.000000
34.000000
0.101550
140.000000
-1.000000
1.000000
-1.000000
0.000000
-1.000000
1.000000
-1.000000
1.000000
-1.000000
1.000000
